1.000000000000000000e+00
9.999952830188679753e-01
9.999952830188679753e-01
9.999952830188679753e-01
9.999952830188679753e-01
9.999952830188679753e-01
9.999952830188679753e-01
9.999905660377358396e-01
9.999905660377358396e-01
9.999858490566038149e-01
9.999811320754716792e-01
9.999764150943396546e-01
9.999669811320754942e-01
9.999528301886791981e-01
9.999528301886791981e-01
9.999433962264151488e-01
9.999433962264151488e-01
9.999433962264151488e-01
9.999245283018868280e-01
9.999103773584905319e-01
9.999056603773585072e-01
9.998867924528301865e-01
9.998773584905660261e-01
9.998537735849056807e-01
9.998254716981131995e-01
9.998018867924528541e-01
9.997783018867923976e-01
9.997452830188678918e-01
9.997169811320755217e-01
9.996933962264150653e-01
9.996462264150943744e-01
9.996179245283018933e-01
9.995896226415094121e-01
9.995566037735849063e-01
9.995047169811320797e-01
9.994433962264150928e-01
9.993820754716981059e-01
9.993113207547169585e-01
9.992452830188679469e-01
9.991367924528301581e-01
9.990094339622641595e-01
9.988915094339622103e-01
9.987641509433962117e-01
9.986698113207547189e-01
9.985235849056603996e-01
9.983632075471697842e-01
9.981933962264151194e-01
9.980141509433961833e-01
9.977877358490565562e-01
9.975424528301887195e-01
9.972783018867924509e-01
9.969481132075471708e-01
9.966415094339622360e-01
9.963207547169811162e-01
9.959009433962263680e-01
9.954764150943395951e-01
9.950141509433961806e-01
9.945566037735849019e-01
9.940424528301886609e-01
9.934386792452830628e-01
9.928301886792453290e-01
9.921886792452829784e-01
9.914009433962264195e-01
9.906132075471698606e-01
9.897264150943396732e-01
9.887216981132075366e-01
9.875141509433962295e-01
9.863632075471697735e-01
9.850047169811321224e-01
9.834858490566037448e-01
9.815330188679245449e-01
9.795801886792452340e-01
9.774858490566037394e-01
9.751179245283019270e-01
9.722169811320754418e-01
9.691509433962264275e-01
9.656037735849056780e-01
9.614764150943396759e-01
9.570188679245282826e-01
9.514764150943396670e-01
9.453254716981132066e-01
9.378537735849056256e-01
9.293254716981131924e-01
9.199103773584905719e-01
9.086839622641509351e-01
8.959433962264150564e-01
8.814245283018867783e-01
8.644386792452830592e-01
8.461933962264150955e-01
8.251933962264150768e-01
8.014811320754716695e-01
7.751792452830188473e-01
7.461084905660377853e-01
7.146745283018868244e-01
6.812028301886792203e-01
6.455518867924527893e-01
6.084528301886792390e-01
5.686415094339623000e-01
5.283490566037736258e-01
4.879339622641509222e-01
4.475707547169811562e-01
4.079245283018868018e-01
3.696698113207547154e-01
3.327452830188679100e-01
2.979811320754717219e-01
2.654386792452830268e-01
2.351462264150943338e-01
2.082735849056603639e-01
1.836132075471698100e-01
1.616462264150943517e-01
1.419433962264150806e-01
1.243867924528301860e-01
1.091509433962264131e-01
9.579245283018868184e-02
8.419339622641509868e-02
7.390566037735848970e-02
6.542924528301886922e-02
5.761792452830188926e-02
5.101886792452830360e-02
4.504716981132075165e-02
4.027358490566037424e-02
3.595283018867924396e-02
3.206603773584905392e-02
2.878773584905660460e-02
2.606132075471698228e-02
2.335377358490565991e-02
2.111320754716981135e-02
1.901415094339622622e-02
1.724528301886792472e-02
1.554716981132075494e-02
1.413207547169811375e-02
1.277358490566037758e-02
1.164150943396226497e-02
1.055660377358490568e-02
9.528301886792453143e-03
8.627358490566037347e-03
7.816037735849056672e-03
7.188679245283018625e-03
6.499999999999999702e-03
5.910377358490565870e-03
5.353773584905660403e-03
4.844339622641509122e-03
4.339622641509433693e-03
3.981132075471698409e-03
3.617924528301886839e-03
3.287735849056603633e-03
2.976415094339622536e-03
2.707547169811320639e-03
2.433962264150943324e-03
2.221698113207547318e-03
1.995283018867924623e-03
1.787735849056603819e-03
1.641509433962264107e-03
1.500000000000000031e-03
1.353773584905660320e-03
1.259433962264150863e-03
1.132075471698113260e-03
1.014150943396226493e-03
9.009433962264151458e-04
8.066037735849056894e-04
7.169811320754716517e-04
6.509433962264151406e-04
5.660377358490566299e-04
5.000000000000000104e-04
4.575471698113207550e-04
4.292452830188679181e-04
4.009433962264150812e-04
3.537735849056603530e-04
3.066037735849056790e-04
2.783018867924528421e-04
2.500000000000000052e-04
2.264150943396226411e-04
1.886792452830188586e-04
1.650943396226415216e-04
1.603773584905660487e-04
1.462264150943396303e-04
1.273584905660377390e-04
1.179245283018867934e-04
9.905660377358490210e-05
8.490566037735849719e-05
6.132075471698113310e-05
5.188679245283018746e-05
3.773584905660377578e-05
3.773584905660377578e-05
3.773584905660377578e-05
3.773584905660377578e-05
3.773584905660377578e-05
2.830188679245283014e-05
1.886792452830188789e-05
1.886792452830188789e-05
1.886792452830188789e-05
1.886792452830188789e-05
1.415094339622641507e-05
9.433962264150943944e-06
9.433962264150943944e-06
9.433962264150943944e-06
9.433962264150943944e-06
4.716981132075471972e-06
4.716981132075471972e-06
0.000000000000000000e+00
