1.000000000000000000e+00
1.000000000000000000e+00
1.000000000000000000e+00
1.000000000000000000e+00
1.000000000000000000e+00
1.000000000000000000e+00
1.000000000000000000e+00
1.000000000000000000e+00
1.000000000000000000e+00
1.000000000000000000e+00
1.000000000000000000e+00
1.000000000000000000e+00
1.000000000000000000e+00
1.000000000000000000e+00
1.000000000000000000e+00
1.000000000000000000e+00
1.000000000000000000e+00
1.000000000000000000e+00
1.000000000000000000e+00
1.000000000000000000e+00
1.000000000000000000e+00
1.000000000000000000e+00
1.000000000000000000e+00
1.000000000000000000e+00
9.998958767180341489e-01
9.997917534360682978e-01
9.996876301541024468e-01
9.996876301541024468e-01
9.996876301541024468e-01
9.996876301541024468e-01
9.995835068721365957e-01
9.995835068721365957e-01
9.992711370262390425e-01
9.992711370262390425e-01
9.990628904623073403e-01
9.989587671803414892e-01
9.987505206164097871e-01
9.985422740524780849e-01
9.981257809246147916e-01
9.979175343606830895e-01
9.976051645147855362e-01
9.973969179508538341e-01
9.962515618492294722e-01
9.955226988754685147e-01
9.944814660558101149e-01
9.931278633902540509e-01
9.916701374427322468e-01
9.901082882132444807e-01
9.890670553935859699e-01
9.870887130362349104e-01
9.851103706788838510e-01
9.826114119117034251e-01
9.805289462723865146e-01
9.761557684298208803e-01
9.724073302790503526e-01
9.673052894627238718e-01
9.604331528529779227e-01
9.543940024989587823e-01
9.480424822990420886e-01
9.398167430237400755e-01
9.308621407746772158e-01
9.207621824239899944e-01
9.104539775093710707e-01
8.976468138275718323e-01
8.818200749687630235e-01
8.669304456476467635e-01
8.508954602249062527e-01
8.311120366513952140e-01
8.142440649729278945e-01
7.910245730945439924e-01
7.678050812161599792e-01
7.413577675968346936e-01
7.176176593086214250e-01
6.888796334860475268e-01
6.612869637650978794e-01
6.322365680966264279e-01
5.993336109954185975e-01
5.704914618908788482e-01
5.396709704289879284e-01
5.071845064556435023e-01
4.729279466888796080e-01
4.407538525614327352e-01
4.075385256143273516e-01
3.745314452311536702e-01
3.435027072053311037e-01
3.119533527696792818e-01
2.840483132028321367e-01
2.598917117867555193e-01
2.350062473969179444e-01
2.111620158267388525e-01
1.876301541024573138e-01
1.672219908371511965e-01
1.482715535193669387e-01
1.335901707621824364e-01
1.177634319033735999e-01
1.058933777592669656e-01
9.391920033319450800e-02
8.204914618908787372e-02
7.090795501874219697e-02
6.216159933361099788e-02
5.403998334027488443e-02
4.685547688463140292e-02
4.008746355685131185e-02
3.488129945855893144e-02
3.123698458975426862e-02
2.717617659308621536e-02
2.342773844231570146e-02
2.019991670137442560e-02
1.811745106205747691e-02
1.561849229487713431e-02
1.384839650145772670e-02
1.145356101624323171e-02
1.041232819658475563e-02
8.850478967097043237e-03
7.080383173677633896e-03
6.143273635985006288e-03
5.310287380258225422e-03
4.581424406497293031e-03
3.852561432736359773e-03
3.331945022907122165e-03
2.603082049146188907e-03
2.290712203248646515e-03
2.082465639316951299e-03
1.978342357351103691e-03
1.665972511453561082e-03
1.561849229487713474e-03
1.249479383590170866e-03
1.145356101624323258e-03
9.371095376926280411e-04
9.371095376926280411e-04
7.288629737609329329e-04
6.247396917950854330e-04
5.206164098292378247e-04
5.206164098292378247e-04
5.206164098292378247e-04
5.206164098292378247e-04
5.206164098292378247e-04
5.206164098292378247e-04
3.123698458975427165e-04
3.123698458975427165e-04
3.123698458975427165e-04
2.082465639316951353e-04
2.082465639316951353e-04
2.082465639316951353e-04
2.082465639316951353e-04
1.041232819658475677e-04
1.041232819658475677e-04
1.041232819658475677e-04
1.041232819658475677e-04
1.041232819658475677e-04
1.041232819658475677e-04
1.041232819658475677e-04
1.041232819658475677e-04
1.041232819658475677e-04
1.041232819658475677e-04
1.041232819658475677e-04
1.041232819658475677e-04
1.041232819658475677e-04
0.000000000000000000e+00
0.000000000000000000e+00
0.000000000000000000e+00
0.000000000000000000e+00
0.000000000000000000e+00
0.000000000000000000e+00
0.000000000000000000e+00
0.000000000000000000e+00
0.000000000000000000e+00
0.000000000000000000e+00
0.000000000000000000e+00
0.000000000000000000e+00
0.000000000000000000e+00
0.000000000000000000e+00
0.000000000000000000e+00
0.000000000000000000e+00
0.000000000000000000e+00
0.000000000000000000e+00
0.000000000000000000e+00
0.000000000000000000e+00
0.000000000000000000e+00
0.000000000000000000e+00
0.000000000000000000e+00
0.000000000000000000e+00
0.000000000000000000e+00
0.000000000000000000e+00
0.000000000000000000e+00
0.000000000000000000e+00
0.000000000000000000e+00
0.000000000000000000e+00
0.000000000000000000e+00
0.000000000000000000e+00
0.000000000000000000e+00
0.000000000000000000e+00
0.000000000000000000e+00
0.000000000000000000e+00
0.000000000000000000e+00
0.000000000000000000e+00
0.000000000000000000e+00
0.000000000000000000e+00
0.000000000000000000e+00
0.000000000000000000e+00
