7.388155729480880285e-02
4.963243026288104848e-02
4.310515753561509206e-02
2.417407184426722047e-02
8.280172586795765677e-02
2.681324503310980253e-02
2.221561308448518485e-02
1.171533212924042860e-01
2.483937387115716863e-02
5.997029901665715257e-02
7.491623519968719502e-02
6.947955047160583875e-02
9.696367650010331157e-03
4.167746337547676566e-02
4.477676098734971466e-02
7.274429058799899983e-02
5.359887617900789547e-02
1.942925948224182367e-02
3.330415412402178144e-02
5.579024683925638134e-02
