2.209027042017184996e-03
1.464275946369969841e-02
5.843089446653394053e-03
8.226176268594348993e-04
9.028894866926413521e-01
2.394920643863483831e-03
3.388498655487859508e-03
9.736362784337619300e-03
1.862896690367563200e-03
8.589828340449686111e-04
4.071519237855371690e-03
1.819565644773788252e-02
1.363510902230425422e-03
5.082402096451492379e-03
1.092892879088249933e-02
4.860062059484558834e-03
2.844847464027355343e-03
1.925186652232279208e-03
2.042787910040203252e-03
4.036456559085473128e-03
