7.296808958981661122e-04
1.139845305221331723e-03
1.401803579234551893e-03
1.593057554131428613e-03
8.905918983658561716e-02
1.301856579138420704e-03
1.734450968943725396e-03
2.120428282235195874e-03
1.237693710510302716e-03
5.264964582641543100e-03
3.574055112288366132e-03
2.616425915946631389e-03
8.795048454589284807e-04
2.847803742642503362e-03
8.669564690116844385e-01
1.089942524789055435e-02
9.572221083672426741e-04
1.344274698243046401e-03
1.285212209771806465e-03
3.056635813166283695e-03
