1.965872186647927775e-02
5.456901508248301197e-03
1.121179769237698291e-02
6.161927986139093330e-03
2.906928489487325268e-03
4.211086260034711815e-03
6.190172992791278736e-03
3.143723095329564732e-02
7.107981943060563863e-03
2.396922634565387331e-02
6.894467379705758736e-01
2.978710293428429509e-02
1.042982962626203512e-02
4.290107502153035074e-02
2.702823089206329160e-02
3.951901417293500474e-02
1.700313885165290889e-02
5.530301224497082002e-03
4.003714698993450158e-03
1.603887856963857883e-02
