2.228695029209740251e-03
6.197405098977102136e-03
1.888401132688565919e-03
1.052977814303152765e-02
8.903585714086655889e-01
4.637986101735645274e-03
1.010767320974583156e-03
8.358053827221325130e-03
3.882266071746766183e-03
1.497439674393234114e-03
1.439629854334139019e-03
1.304846761026816002e-02
3.489317849553676999e-03
4.352951017928961136e-03
6.155620045083025522e-03
2.209812661743684389e-02
1.019137182487332358e-02
1.772910494768980931e-03
4.296198189076678997e-03
2.566042688031946236e-03
