4.370126985613028911e-03
5.686211947420282027e-03
4.003152058286968407e-03
2.847001170857271085e-03
2.371148519817340653e-03
1.031185500812505269e-02
2.202873450667318378e-02
2.386674665085495792e-02
5.239934721930952430e-03
2.754588554836410672e-02
8.254402184007049170e-01
1.189245435959119385e-02
4.237817324188347667e-03
4.450507309520333223e-03
1.964377049011388141e-02
8.947018036614436468e-03
5.563242740080190200e-03
2.155237541944512655e-03
1.932633397581359552e-03
7.466303281717621976e-03
