2.216363346385926900e-02
6.479408744329445170e-03
9.818759971625231481e-03
4.761500040686262626e-03
6.620861297570493006e-03
5.866002219125669367e-03
3.651053132596656335e-03
2.944649973519277569e-02
6.905639272810866654e-03
2.214912170895424678e-02
7.043410339087374794e-01
2.682854095978809764e-02
8.814800101650928366e-03
2.837418086620270216e-02
2.938291199985609142e-02
4.167837692368839275e-02
1.603190869038375807e-02
4.381922875314420672e-03
4.861913010062155795e-03
1.744193107756501077e-02
