1.094033803471816495e-02
6.452974981391269675e-03
3.332187581597434618e-03
1.717448888795055240e-03
2.777150855548932845e-02
6.014073105285846869e-03
1.477493923895333147e-03
8.413124991469929093e-01
3.178408420457206566e-03
9.204959030306172907e-03
1.287688921869021078e-02
6.540839272564470674e-03
2.022766646906118577e-03
3.965912918674664375e-03
4.459437808278283837e-03
1.551548584161752814e-02
1.870576118096690596e-02
3.258045060856718748e-03
3.962463920928091868e-03
1.729050646158830640e-02
