8.800117869135875778e-03
2.735570149800246528e-03
3.190292492995909675e-03
1.752134462866312145e-03
1.475658077932797286e-03
3.899621138107037342e-03
1.330384079853648600e-02
4.457664728509744788e-03
3.968534047053527865e-03
9.378508834035912192e-03
1.197102331387374374e-02
9.066473141511564027e-01
1.414662254664652554e-03
4.190761502972821691e-03
2.097424183222168417e-03
2.070950786484016155e-03
1.990976582869596542e-03
6.872236117885610444e-03
4.457157241045861876e-03
5.325551266851150101e-03
