1.468443150787388136e-02
1.488164459232237244e-03
5.656517399911499544e-03
2.250954027723375567e-03
8.733119250419508761e-01
1.717792786604475670e-03
1.777759360890954991e-03
7.790281132208729670e-03
3.829037951113561586e-03
1.149134315521360694e-02
6.712668388723515810e-03
4.246424106556094535e-02
8.745233043618814983e-04
3.132691391398750164e-03
3.158863028249595840e-03
3.487574880935096367e-03
5.123054790237152774e-03
3.532578928747114565e-03
1.501808620684340822e-03
6.013788778378130126e-03
