2.574141400871742674e-02
4.898819372850569433e-03
4.713217875690674068e-03
4.384134139734690433e-03
2.674087438611405347e-03
6.109897966690870999e-03
3.074044257799254769e-03
8.091178895187940423e-01
3.082370236420373805e-03
1.804918595956047506e-02
3.365677575011128547e-02
1.127133321460221591e-02
3.777015629352220398e-03
2.011237532991652643e-02
1.171362815500384680e-02
1.231716829429660084e-02
1.294326235373634976e-02
2.962554290364610449e-03
2.405462508496924827e-03
6.995363699249670421e-03
