7.788133035974319912e-03
8.438798885084031198e-03
4.562154564897020342e-03
2.423757785895932874e-03
1.735344596122325236e-02
3.207567762674588558e-03
2.667639018422365924e-03
8.676250054197707229e-01
1.168515412876145430e-02
3.739220645251626132e-03
5.129285776527887052e-03
4.819052616976884397e-03
3.495727985121970666e-03
7.265407398591132090e-03
7.938308424816286138e-03
1.465509106256868491e-02
6.611373210415215883e-03
1.002882274163975629e-02
5.462725258835943003e-03
5.103328316550764625e-03
