8.316265547288209312e-03
8.285045762047079515e-03
4.484264070464169180e-03
3.043714057969480226e-03
8.765272760911888561e-01
3.071029410065751614e-03
2.130644461256714361e-03
5.713545596272195243e-03
1.002198857170731768e-02
1.956315272820611292e-03
3.313538007785378665e-03
1.287141675155482022e-02
2.369064889596878953e-03
3.804646626930548343e-03
1.780395479856071482e-03
1.752308619874711274e-02
8.241640975115127263e-03
2.636071564948204785e-03
1.778007823792342873e-02
6.129972426462188505e-03
