-1.021401180138675698e-298
-1.206667788411487781e-298
-1.022879063583609765e-298
-1.026048263036388570e-298
-1.018894694153825569e-298
-1.010311741682423978e-298
-1.207628074484466805e-298
-1.019684967963971942e-298
-1.196047854993548088e-298
-1.002474558342677890e-298
-1.006168381332880269e-298
-9.993992447841953020e-299
-1.002597380680664563e-298
-9.876826607471286310e-299
-9.955216528697750615e-299
-9.914523867320267856e-299
-9.899333993064524303e-299
-9.995316625563604578e-299
-1.006601130345893663e-298
-1.009491685196724302e-298
-3.548294227479208608e-293
-1.034107277179288875e-243
-3.613418065749107501e-293
-3.550942303420884604e-293
-1.025718030513104489e-120
-3.270575616474310692e-293
6.384535341743872170e-153
-3.230617800013568878e-293
4.256314469650405410e-118
-2.899609594675292630e-293
-2.920172349016959604e-293
-2.826098199104868232e-293
-8.123591849315959661e-244
-8.045328859890319475e-116
-2.549462884004997595e-293
-6.156920472950443903e-274
-2.220221677825407175e-293
-2.075027393419253817e-293
4.027585990165395171e-255
2.202804206103638584e-108
-1.727988152916269539e-293
-1.534675306251929574e-293
-1.417702987403578837e-293
-2.927162250297740512e-140
-1.374738779839080912e-293
2.552252221522452093e-09
6.347823567592726794e-63
-1.184460005036023181e-293
1.735114410569731333e-277
9.999999974477478126e-01
-1.402136921156833599e-34
-6.892072818426305836e-236
-9.913046493568758501e-294
4.620341698924714445e-52
-8.996643121497147032e-294
-8.902351524837137840e-294
-9.060331719587559669e-294
-4.379146234934064468e-51
9.959721977242033154e-242
-7.817398314335550595e-294
3.058118608272327069e-34
-7.202462632047573864e-294
-2.052899870921735617e-114
-1.968757847269031620e-112
-8.556023605561280167e-186
-6.665959054098555325e-294
3.996897626207565963e-184
4.649093515263550837e-259
-5.713364691878223800e-294
7.519467529513720414e-170
-5.538366571492474145e-294
-9.934291382469609204e-198
-5.120128294173843506e-294
