5.453208320755343937e-56
3.867847507687389581e-56
4.114805995927065419e-56
4.807016265774263905e-56
5.298824980477658858e-56
4.577746861462403504e-56
4.835360069035671270e-56
4.130392973083008408e-56
4.817311380675100417e-56
5.503339776127653433e-56
6.003148453389627907e-56
5.288888742636231634e-56
4.412102966208854956e-56
4.001188218421552863e-56
3.967062566382556280e-56
4.428608609033137945e-56
4.455873756423564283e-56
3.885768285364640965e-56
4.380791953644602367e-56
5.043341307614240775e-56
3.430346524019321054e-50
1.000000000000000000e+00
3.493255707683391311e-50
