-2.241592029563285329e-300
-2.543672841818697284e-300
-2.573108264893099128e-300
-2.582059308104488068e-300
-2.565676204423769942e-300
-2.564450817662787801e-300
-2.573793155230215320e-300
-2.244250538285347642e-300
-2.244713218134547122e-300
-2.239522654813212328e-300
-2.231872421854407088e-300
-2.248241246745783206e-300
-2.233416003654093403e-300
-2.240271384443503482e-300
-2.225325052466208079e-300
-2.238504432757451758e-300
-2.237245778918456223e-300
-2.242426156870651537e-300
-2.229177534093346619e-300
-2.229841914213705548e-300
-6.138684731916295525e-295
-1.788991382277473734e-245
-6.251351272549164829e-295
-6.143269391236459119e-295
-1.774478100801936827e-122
-5.658245554026450837e-295
1.104515842629108457e-154
-5.589112529330179945e-295
7.363365556460853073e-120
-5.016478867037424029e-295
-5.052040339982918734e-295
-4.889293651818066593e-295
-1.405370229209411749e-245
-1.391830839561593944e-117
-4.410713410345385892e-295
-1.065138783040051683e-275
-3.841144771555432902e-295
-3.589954162752756475e-295
6.967668429373360499e-257
3.810821012993164955e-110
-2.989571129641003242e-295
-2.655147055655060541e-295
-2.452788351255559132e-295
-5.063950477743989161e-142
-2.378461305253859607e-295
4.415361278722129598e-11
1.098164756137998827e-64
-2.049291100406880415e-295
3.001724092148064442e-279
1.729986256930043237e-02
-2.425677610126466377e-36
-1.192319128806960890e-237
-1.715128797519127904e-295
7.993127661861040919e-54
-1.556589718256001958e-295
-1.540289038284566536e-295
-1.567623308269944983e-295
-7.575862822858386687e-53
1.723018218744860536e-243
-1.352591942625579579e-295
5.290503177875854346e-36
-1.246195801969783517e-295
-3.551488572612356502e-116
-3.405924027691378433e-114
-1.480180328936798743e-187
-1.153383850194907369e-295
6.914577981343148682e-186
8.042867909115954040e-261
-9.885856031984512502e-296
1.300857551869160373e-171
-9.583159163876468667e-296
-1.718618760787446719e-199
-8.859614417156058451e-296
-8.030951368420237022e-296
-6.527231722001438000e-296
-9.600376973034722178e-207
-5.244265864453738053e-296
-1.141611404767799672e-55
-5.209625585221270862e-296
-3.609388616315098085e-13
5.313795027165838434e-225
1.144796037737391684e-05
-4.920100100398794816e-296
-4.684030205590338464e-296
-4.696131891154906598e-296
-4.621537262706798824e-296
9.826886894265295380e-01
-2.250714208154693838e-165
-3.369199284118138537e-296
-1.062767330958252901e-18
-3.451407182061791373e-296
-7.008752625695120003e-96
-4.674634144870676735e-173
-3.352100498179579147e-296
