-8.589288498631887115e-299
-9.839925758248596871e-299
-8.471887962240788845e-299
-9.137418861343144349e-299
-9.908825697490536674e-299
-8.688882806845540940e-299
-8.013706486706437523e-299
-8.688021407428496264e-299
-8.655913083202954218e-299
-7.936482978202604534e-299
-7.947345815354175653e-299
-7.972918409209543636e-299
-8.059354537685055818e-299
-8.018380039832473158e-299
-8.691814298116980568e-299
-8.651442833550390683e-299
-7.942943234322174663e-299
-7.941951569042749240e-299
-7.972321841503028601e-299
-7.997725049890022638e-299
-3.548132283993503915e-293
-1.034107277179288875e-243
-3.613255968968661533e-293
-3.550787941582117693e-293
-1.025718030513104489e-120
-3.270425685006094542e-293
6.384535341743872170e-153
-3.230466866338128892e-293
4.256314469650405410e-118
-2.899459485808144585e-293
-2.920017850814055096e-293
-2.825941434766952137e-293
-8.123591849315959661e-244
-8.045328859890320603e-116
-2.549307635225643284e-293
-6.156920472950443903e-274
-2.220056962764808593e-293
-2.074874336705109123e-293
4.027585990165394698e-255
2.202804206103638584e-108
-1.727841895130651341e-293
-1.534528019909544015e-293
-1.417555870667815836e-293
-2.927162250297740979e-140
-1.374579302882030366e-293
2.552252221522452093e-09
6.347823567592726794e-63
-1.184316459615000720e-293
1.735114410569731333e-277
9.999999974477478126e-01
-1.402136921156833599e-34
-6.892072818426305836e-236
-9.911541045232523254e-294
