-1.328777824746692500e-181
-1.196251767161216422e-181
-1.194764050912955527e-181
-1.195171678752538355e-181
-1.268567801132268852e-181
-1.134719875472629577e-181
-1.157135365334978366e-181
-1.325275461628663020e-181
-1.423396709895060832e-181
-1.236260783274784129e-181
-1.166806256935066606e-181
-1.107846885148060605e-181
-1.019201641022053656e-181
-1.122184546827723881e-181
-1.030720086203623764e-181
-1.106576272453388644e-181
-1.264315392212080227e-181
-1.529815852043020346e-181
-1.317564973368010355e-181
-1.117458458558325358e-181
-8.354849186815952630e-176
-2.435452954848718078e-126
-8.508122246051790622e-176
-8.360942476596796781e-176
-2.415695221745974269e-03
-7.700753854324657607e-176
1.503638530211245196e-35
-7.606591001550838475e-176
1.002415695221746006e+00
-6.827104433885655868e-176
