-2.054083014733040066e-300
-2.053777332092701855e-300
-2.065215237615111549e-300
-2.049913357875555409e-300
-2.019260555206645156e-300
-2.015686936744435628e-300
-2.039545200746746923e-300
-2.419225861008946439e-300
-2.046276988424988467e-300
-2.785670092405746960e-300
-2.068964088611566484e-300
-2.427512141057736057e-300
-2.054108974567201889e-300
-2.425047097946931041e-300
-2.066446235076850243e-300
-2.062933284693649480e-300
-2.065065852272921153e-300
-2.052591934991392974e-300
-2.036686005837207734e-300
-2.035626657617466179e-300
-6.138659263793544068e-295
-1.788991382277473734e-245
-6.251325722355608843e-295
-6.143243968885874101e-295
-1.774478100801936827e-122
-5.658213512424191868e-295
1.104515842629108457e-154
-5.589086806401992605e-295
7.363365556460853073e-120
-5.016456477381086967e-295
-5.052018020681587477e-295
-4.889271353499251355e-295
-1.405370229209411749e-245
-1.391830839561593944e-117
-4.410691056560913409e-295
-1.065138783040051683e-275
-3.841119260924912607e-295
-3.589928455449293740e-295
6.967668429373360499e-257
3.810821012993164955e-110
-2.989548690555329670e-295
-2.655124629848553876e-295
-2.452766104975500570e-295
-5.063950477743989161e-142
-2.378439166266258865e-295
4.415361278722129598e-11
1.098164756137998827e-64
-2.049265613858703453e-295
3.001724092148064442e-279
1.729986256930043237e-02
-2.425677610126466377e-36
-1.192319128806960890e-237
-1.715106390110120981e-295
7.993127661861040919e-54
-1.556564024995509668e-295
-1.540263271790912373e-295
-1.567597599581649515e-295
-7.575862822858386687e-53
1.723018218744860536e-243
-1.352569601374846231e-295
5.290503177875854346e-36
-1.246173588029996851e-295
-3.551488572612356502e-116
-3.405924027691378433e-114
-1.480180328936798743e-187
-1.153361528019677669e-295
6.914577981343148682e-186
8.042867909115954040e-261
-9.885632358227382968e-296
1.300857551869160373e-171
-9.582934744199448579e-296
-1.718618760787446719e-199
-8.859388512979489087e-296
-8.030725802705852714e-296
-6.527008643421703126e-296
-9.600376973034722178e-207
-5.244044867683225180e-296
-1.141611404767799672e-55
-5.209403693063636553e-296
-3.609388616315098085e-13
5.313795027165838434e-225
1.144796037737391684e-05
-4.919878299885885936e-296
-4.683806876576953495e-296
-4.695907427413787371e-296
-4.621311416345866303e-296
9.826886894265295380e-01
