1.901322950478857806e-301
1.887814499311793478e-301
1.880649363744404254e-301
1.884561033907420567e-301
1.889720029212125769e-301
1.897766300667691097e-301
1.894382751897095429e-301
1.888836499271465317e-301
1.878757810564554947e-301
1.882756846089812502e-301
1.899200002717196668e-301
1.902898012803367011e-301
1.905489005705950633e-301
1.890020135151729812e-301
1.889692956422712316e-301
1.878720364751717991e-301
1.885563602149857668e-301
2.107481368792539002e-301
2.108191076234955342e-301
2.114211828905139294e-301
4.150907929496414246e-296
1.209683450159070381e-246
4.227090994934973778e-296
4.154005535773551476e-296
1.199869833066009244e-123
3.826041107698588763e-296
-7.468535335066809091e-156
3.779294717528134704e-296
-4.978973928752269704e-121
3.392090397699804952e-296
3.416136406050440961e-296
3.306092185487432110e-296
9.502858004025898349e-247
9.411307112588010058e-119
2.982484982285185141e-296
7.202274816583096161e-277
2.597352830772526048e-296
2.427502482317884190e-296
-4.711410724896105385e-258
-2.576807891085334868e-111
2.021532298614385545e-296
1.795400778886853345e-296
1.658569492776452574e-296
3.424151254185253194e-143
1.608310989354076396e-296
-2.985587028677440534e-12
-7.425590442794362715e-66
1.385734214247998286e-296
-2.029711261992027968e-280
-1.169785257068569782e-03
1.640199102946981204e-37
8.062245194215000838e-239
1.159779485558102307e-296
-5.404807615815711669e-55
1.052578174092877515e-296
1.041558349955539676e-296
1.060039242371263078e-296
5.122660717247525738e-54
-1.165073596321517093e-244
9.146386296102674854e-297
-3.577342071454299748e-37
8.426958243830516533e-297
2.401452009371326868e-117
2.303023910351265948e-115
1.000871029846100752e-188
7.799356868297507042e-297
-4.675511929083059256e-187
-5.438441066768667030e-262
6.685021214809597856e-297
-8.796162279480995212e-173
6.480343790634081247e-297
1.162098762829597890e-200
5.991093756456713936e-297
5.430767770013121033e-297
4.413981144687502203e-297
6.491600381430504778e-208
3.546463057660118067e-297
7.719368782550471106e-57
3.523059973213325493e-297
2.440602966343253769e-14
-3.593091596515636186e-226
-7.740902691748190124e-07
3.327311738058132444e-297
3.167685609725224580e-297
3.175867501776515933e-297
3.125406214357895387e-297
-6.644762272384185930e-02
1.521892031238596883e-166
2.278577566033456884e-297
7.186239488718379693e-20
2.334185688979188629e-297
4.739191111568650234e-97
3.160902627378608876e-174
2.267014184039224597e-297
-3.646942723589439225e-214
2.311190763234191534e-07
1.866524153703887110e-297
-2.770047977199270410e-162
1.872687118473839269e-297
1.932846330287061570e-297
7.425665243923896358e-277
-1.420490508886220764e-63
1.878473537436191437e-297
1.369490444580457824e-83
1.817706319881571470e-297
3.356646247743848562e-235
1.818889588883380545e-297
-6.582811021067518459e-261
1.936062340988107257e-297
-2.644628689957039069e-06
2.185868136132882554e-51
1.876924335066993940e-297
1.880720137923803966e-297
1.890191625750018190e-297
1.067620595583754328e+00
1.937171776886626591e-297
1.778940500233671471e-161
2.663095785269444483e-123
1.816456061970119306e-297
1.224795778968262686e-297
5.570624236938779141e-108
1.225880178924524588e-297
1.232442904162273554e-297
