-1.081475792711035492e-298
-1.083442844256115896e-298
-1.084376163049869224e-298
-1.081543931587628504e-298
-1.216085158909836973e-298
-1.336282461383822615e-298
-1.270979422963497092e-298
-1.270360247337190395e-298
-1.144050550550566666e-298
-1.142499658696446588e-298
-1.145866790864390013e-298
-1.147574747668110539e-298
-1.279687415714965768e-298
-1.214919604528640876e-298
-1.205890782398524189e-298
-1.149961703097142796e-298
-1.145242660038967572e-298
-1.081534788186349118e-298
-1.071082096885240134e-298
-1.141343739971540680e-298
-3.548317180244875236e-293
-1.034107277179288875e-243
-3.613439676749130024e-293
-3.550963894941063587e-293
-1.025718030513104489e-120
-3.270597403579754024e-293
6.384535341743872170e-153
-3.230640864935016206e-293
4.256314469650405410e-118
-2.899636804399288570e-293
-2.920196123665855548e-293
-2.826120029935428758e-293
-8.123591849315959661e-244
-8.045328859890320603e-116
-2.549484750943564400e-293
-6.156920472950443903e-274
-2.220246665575160105e-293
-2.075050917639630972e-293
4.027585990165394698e-255
2.202804206103638584e-108
-1.728009764553344615e-293
-1.534697126188868091e-293
-1.417724856505265933e-293
-2.927162250297740979e-140
-1.374762492455663978e-293
2.552252221522452093e-09
6.347823567592726794e-63
-1.184484206609937843e-293
1.735114410569731333e-277
9.999999974477478126e-01
-1.402136921156833599e-34
-6.892072818426305836e-236
-9.913305242465434421e-294
4.620341698924714445e-52
-8.996861334908992789e-294
-8.902588698584369264e-294
-9.060590144771004885e-294
-4.379146234934064468e-51
9.959721977242033154e-242
-7.817635169315975333e-294
3.058118608272327069e-34
-7.202699613115246534e-294
-2.052899870921735617e-114
-1.968757847269031620e-112
-8.556023605561280167e-186
-6.666188860551197834e-294
3.996897626207566486e-184
4.649093515263550837e-259
-5.713601820088214516e-294
7.519467529513720414e-170
-5.538590112740787377e-294
-9.934291382469610690e-198
-5.120346243291627731e-294
-4.641392286553082728e-294
