-1.069074044639199289e-298
-1.076130234343159008e-298
-8.944694988500790095e-299
-8.997843945303951917e-299
-1.074079509873625047e-298
-1.075289387652821339e-298
-1.257693385404744275e-298
-1.067926197283527923e-298
-1.064331383747242700e-298
-8.677837443586761764e-299
-8.653621901864995418e-299
-8.743557109944051730e-299
-8.737921058790833240e-299
-8.812739974134066408e-299
-8.798450049121746784e-299
-8.925110453997793270e-299
-8.974427377414069532e-299
-1.076590504888365872e-298
-1.067734695158735201e-298
-1.067360099001040294e-298
-3.548219045572469363e-293
-1.034107277179288875e-243
-3.613347737214874275e-293
-3.550876374598395621e-293
-1.025718030513104489e-120
-3.270509982740008182e-293
6.384535341743872170e-153
-3.230548671712745992e-293
4.256314469650405410e-118
-2.899542418735947871e-293
-2.920104999181799182e-293
-2.826032755235056708e-293
-8.123591849315959661e-244
-8.045328859890319475e-116
-2.549397771320054865e-293
-6.156920472950443903e-274
-2.220150274878031047e-293
-2.074960099486292747e-293
4.027585990165395171e-255
2.202804206103638584e-108
-1.727922890796267348e-293
-1.534609964998581296e-293
-1.417637720521255794e-293
-2.927162250297740512e-140
-1.374667638638547655e-293
2.552252221522452093e-09
6.347823567592726794e-63
-1.184398073145020534e-293
1.735114410569731333e-277
9.999999974477478126e-01
-1.402136921156833599e-34
-6.892072818426305836e-236
-9.912388825542892646e-294
4.620341698924714445e-52
-8.995987074357217432e-294
-8.901734974169498511e-294
-9.059635214837230911e-294
-4.379146234934064468e-51
9.959721977242033154e-242
-7.816743683873185764e-294
3.058118608272327069e-34
-7.201828059971376683e-294
-2.052899870921735617e-114
-1.968757847269031620e-112
