1.269678403609944404e-06
1.272940901330184614e-06
1.290451260624991925e-06
1.293432019437850998e-06
1.580992224090235206e-06
1.570044644990377981e-06
1.284313464735540816e-06
1.545685698585041717e-06
1.276580973737442868e-06
1.855441017737210553e-06
1.334861053948882927e-06
1.051665095338552440e-06
1.020014915523933051e-06
1.272208172127487850e-06
1.566712599211053329e-06
1.593192638748190159e-06
1.289492901338939469e-06
1.293389951265946373e-06
1.294396738932032779e-06
1.033256106586249011e-06
9.999730112492181133e-01
