-9.506445919839061861e-299
-9.493220849270230234e-299
-1.127900227005867931e-298
-1.307812135017704217e-298
-1.323485871533127205e-298
-1.137582866216072340e-298
-9.463559969375750375e-299
-9.450686044377872393e-299
-9.416280578910624441e-299
-9.453799873367294485e-299
-9.407074375151193554e-299
-9.475069452056263972e-299
-9.471091830834707207e-299
-9.481555282716023306e-299
-9.470650640464493711e-299
-9.468494196530700337e-299
-9.446880799547308422e-299
-9.441798084025059989e-299
-9.379339872520439988e-299
-9.415319936235747498e-299
-3.548197474112064932e-293
-1.034107277179288875e-243
-3.613327206730657441e-293
-3.550857372429449464e-293
-1.025718030513104489e-120
-3.270491052221405736e-293
6.384535341743872170e-153
-3.230528175184336085e-293
4.256314469650405410e-118
-2.899523759897744893e-293
-2.920086359915914926e-293
-2.826010676570713341e-293
-8.123591849315959661e-244
-8.045328859890319475e-116
-2.549376873502080565e-293
-6.156920472950443903e-274
-2.220128154481750763e-293
-2.074941023584377971e-293
4.027585990165395171e-255
2.202804206103638584e-108
-1.727901246635478482e-293
-1.534589169514802379e-293
-1.417616911610899208e-293
-2.927162250297740512e-140
-1.374648538790212789e-293
2.552252221522452093e-09
6.347823567592726794e-63
-1.184379183277857193e-293
1.735114410569731333e-277
9.999999974477478126e-01
-1.402136921156833599e-34
-6.892072818426305836e-236
-9.912171529907204290e-294
4.620341698924714445e-52
-8.995801752004190803e-294
-8.901547708299512706e-294
-9.059448507068294470e-294
-4.379146234934064468e-51
9.959721977242033154e-242
-7.816542423859127408e-294
