-2.769380561242608775e-290
-2.730567699751232174e-290
-3.000765887097048527e-290
-3.287094413754588550e-290
-3.267165042709168313e-290
-2.957242607614159982e-290
-3.218040080066821664e-290
-3.233292763612347000e-290
-2.991878259976641574e-290
-3.280173784132638360e-290
-2.759014748727958059e-290
-2.755987960403088157e-290
-2.764412243052077343e-290
-2.749389819153244889e-290
-3.257695875731571775e-290
-3.513383321218924613e-290
-2.995708520720542753e-290
-3.006446469918354130e-290
-3.035005562964109593e-290
-3.018888270248904243e-290
-1.390168359803107493e-284
-4.051744057499263641e-235
-1.415684263291579631e-284
-1.391207754213738554e-284
-4.018874082520144216e-112
-1.281360409769149292e-284
2.501529938109099849e-144
-1.265700440120232025e-284
1.667670002893153799e-109
-1.136013032279554966e-284
-1.144064478838436148e-284
-1.107206584525653704e-284
-3.182911070000021944e-235
-3.152246785034112262e-107
-9.988183303725627894e-285
-2.412347972912238256e-265
-8.698139864146404556e-285
-8.129284531012710334e-285
1.578051712993666289e-246
8.630824914277621190e-100
-6.769596950618355707e-285
-6.012163910284705287e-285
-5.553831351679916009e-285
-1.146893800547521827e-131
-5.385441376062316840e-285
1.000000000000000000e+00
2.487145868289681497e-54
-4.639990322182020731e-285
