4.717311325640496457e-179
4.501072432302005840e-179
4.854401006488921668e-179
4.541490646037056680e-179
3.907593813196887892e-179
4.474171114032205578e-179
5.342648373705879973e-179
5.131928852804724276e-179
4.192013747608081819e-179
4.116136760325472120e-179
4.668290256153504693e-179
5.873015688611159483e-179
5.375971483087377710e-179
4.502327615483828315e-179
4.749931986084830346e-179
4.745882393536737136e-179
5.550687586565411203e-179
5.548118045253819871e-179
5.315575459210867794e-179
4.819663521095857208e-179
3.458470990731999327e-173
1.008178901429652964e-123
3.521910905922784437e-173
3.460976857311787240e-173
1.000000000000000000e+00
3.187691582431387123e-173
-6.224454627701218100e-33
