-3.111520559101909007e-290
-3.844787822453852048e-290
-3.860526838444752233e-290
-3.841568486283855482e-290
-3.093973466039714370e-290
-3.046703205146553846e-290
-3.030799258082555531e-290
-3.015374876778221307e-290
-3.029504027663169946e-290
-3.024489215655500103e-290
-3.756874865531104830e-290
-3.774484900258826556e-290
-4.528655913164189659e-290
-3.780736485509726557e-290
-4.541822379203584956e-290
-3.793341280353450294e-290
-3.827837836950664625e-290
-3.036660549149252650e-290
-3.013006714393341107e-290
-3.036426854145080281e-290
-1.390160278714709614e-284
-4.051744057499263641e-235
-1.415675092374104946e-284
-1.391199382354483223e-284
-4.018874082520144216e-112
-1.281351211546382793e-284
2.501529938109099849e-144
-1.265691679769495348e-284
1.667670002893153799e-109
-1.136005031107636326e-284
-1.144055982397296560e-284
-1.107196451905667579e-284
-3.182911070000021944e-235
-3.152246785034112262e-107
-9.988094618128198362e-285
-2.412347972912238256e-265
-8.698047251849682660e-285
-8.129197915918071653e-285
1.578051712993666289e-246
8.630824914277621190e-100
-6.769495663956349516e-285
-6.012071067375767359e-285
-5.553719872089351755e-285
-1.146893800547521827e-131
-5.385348014006826595e-285
1.000000000000000000e+00
