-9.284827949634658333e-299
-1.139644236167244487e-298
-1.142285415601538643e-298
-9.229897316128027332e-299
-9.349218129758985354e-299
-1.157151087831653706e-298
-1.148080583393712917e-298
-9.209697001451396762e-299
-9.330824186311893086e-299
-1.132677342660013507e-298
-9.176100789071493807e-299
-9.177428979268023172e-299
-1.144472122012903346e-298
-9.199503485636351189e-299
-9.157377813521187306e-299
-9.185022784295514092e-299
-9.289045355653195238e-299
-1.137714102161677824e-298
-1.145918296726481294e-298
-9.304549767237956211e-299
-3.548284003681348131e-293
-1.034107277179288875e-243
-3.613407750875584651e-293
-3.550930272417854903e-293
-1.025718030513104489e-120
-3.270563511697599918e-293
6.384535341743872170e-153
-3.230603888741078585e-293
4.256314469650405410e-118
-2.899599401291716404e-293
-2.920160367215841112e-293
-2.826086224975198070e-293
-8.123591849315959661e-244
-8.045328859890319475e-116
-2.549452902028169067e-293
-6.156920472950443903e-274
-2.220209490350892133e-293
-2.075017123788914535e-293
4.027585990165395171e-255
2.202804206103638584e-108
-1.727978053583582044e-293
-1.534665281506346185e-293
-1.417692997240455209e-293
-2.927162250297740512e-140
-1.374726710330315635e-293
2.552252221522452093e-09
6.347823567592726794e-63
-1.184449845205035870e-293
1.735114410569731333e-277
9.999999974477478126e-01
-1.402136921156833599e-34
-6.892072818426305836e-236
-9.912945744814815092e-294
4.620341698924714445e-52
-8.996521536560137335e-294
-8.902249094267479408e-294
-9.060191293819279515e-294
-4.379146234934064468e-51
9.959721977242033154e-242
-7.817298423928104191e-294
3.058118608272327069e-34
-7.202362386154281402e-294
-2.052899870921735617e-114
-1.968757847269031620e-112
-8.556023605561280167e-186
-6.665857810213924571e-294
3.996897626207565963e-184
4.649093515263550837e-259
-5.713263479271032815e-294
7.519467529513720414e-170
-5.538245245003151369e-294
