8.949430676268776116e-184
8.943976573515692776e-184
8.805958359508812214e-184
9.626080340862741328e-184
1.037272683919618631e-183
9.615066724055901100e-184
9.524570757166980980e-184
7.939645047266068474e-184
8.791021721264830151e-184
9.656639422060892581e-184
9.611211035996496678e-184
8.774503868233171989e-184
9.523547459220967014e-184
8.758323327329944081e-184
9.672147525308965242e-184
9.760274356288023727e-184
8.850808246313944681e-184
9.562999245710672535e-184
9.666907169196691563e-184
1.042919937126108101e-183
4.433202636241515166e-178
1.292170806883721389e-128
4.514565721426602032e-178
4.436497533961368038e-178
1.281688007010811695e-05
4.086185093444341190e-178
-7.977808846507598062e-38
4.036247389345466888e-178
-5.318486218954900091e-03
3.622656203373096008e-178
3.648323039934748229e-178
3.530765868894992756e-178
1.015085036763037245e-128
1.005305669338884877e+00
3.185076220875349599e-178
7.693392234074703383e-159
2.773674353652939957e-178
2.592263314183266259e-178
-5.032678092065382295e-140
