-2.875560755474978404e-191
-3.077274303946455497e-191
-3.284354722298275882e-191
-3.725740971762041861e-191
-3.716510511959948862e-191
-3.629894007491808699e-191
-3.069876403393441302e-191
-3.059003936615431176e-191
-2.960356927632410274e-191
-3.205993249202484959e-191
-2.988547809956266344e-191
-2.874039352037303177e-191
-2.856719549436999251e-191
-2.742156997727762734e-191
-2.770630066383291176e-191
-3.033314064096306193e-191
-3.147796825660828330e-191
-2.899533139305831306e-191
-2.982949263608451534e-191
-3.104496196561038474e-191
-1.610656895216045893e-185
-4.694503995786055272e-136
-1.640220774149184721e-185
-1.611859913119208238e-185
-4.656419598871779197e-13
-1.484587823909645527e-185
2.898367252071609468e-45
-1.466441057947097021e-185
1.932225575241897588e-10
-1.316183489777858934e-185
-1.325510550596626165e-185
-1.282803411241092264e-185
-3.687841217090372611e-136
-3.652312416095665034e-08
-1.157220317427162146e-185
-2.795037652267834921e-166
-1.007752707028734306e-185
-9.418427891331511560e-186
1.828390433125757773e-147
1.000000036330367159e+00
-7.843049789203235898e-186
-6.965430519940054446e-186
