3.705038234363576528e-56
3.099002486509575244e-56
3.724348370413216019e-56
5.025480943291157647e-56
2.991745466321936855e-56
3.742380544781366334e-56
3.724954615980785589e-56
3.073489454394565059e-56
3.058258474885706988e-56
4.446485635678750099e-56
4.444286132983404679e-56
4.431550328936896979e-56
3.070163048823644191e-56
3.804208998974828830e-56
5.159758881336525538e-56
3.757689734387761133e-56
3.081199754859788359e-56
3.733249292400060072e-56
3.755537320469972154e-56
4.452737606229212164e-56
3.430367784174399120e-50
1.000000000000000000e+00
3.493282246433081576e-50
3.432838502415002997e-50
