4.892134935713239088e-56
3.960944505233449717e-56
3.597377293059228746e-56
4.835106410253079911e-56
4.238003743118578087e-56
3.895797022594684430e-56
5.007393603583004447e-56
5.032840702592160780e-56
3.410152264143421366e-56
3.776459702464077755e-56
3.771698515633973954e-56
3.960600874450588635e-56
3.233363750157414374e-56
3.791425497815740438e-56
4.645762075662106090e-56
4.271404424737706970e-56
4.196593062819520707e-56
4.790983035464226847e-56
5.201847474326785446e-56
3.770532656824072276e-56
3.430306776735828032e-50
1.000000000000000000e+00
