-1.010415398628716267e-298
-1.134169484093710387e-298
-1.011121573995438061e-298
-1.138991363377455608e-298
-1.139624314318346956e-298
-9.930417453420402889e-299
-1.272244854649195702e-298
-1.079140312826821291e-298
-1.001837626423883028e-298
-1.007752581508268402e-298
-1.012950172732100479e-298
-1.013098413022455909e-298
-1.013461509487000683e-298
-1.003690186880176836e-298
-1.008249024677052109e-298
-9.978964193389134899e-299
-1.011199385817534310e-298
-1.005337285771362734e-298
-1.008590794295747704e-298
-1.005372106574521714e-298
-3.548350096182920764e-293
-1.034107277179288875e-243
-3.613472230448895631e-293
-3.550996602956318095e-293
-1.025718030513104489e-120
-3.270632181708265812e-293
6.384535341743872170e-153
-3.230675704880628390e-293
4.256314469650405410e-118
-2.899674944257214462e-293
-2.920230741004371315e-293
-2.826156848203238447e-293
-8.123591849315959661e-244
-8.045328859890319475e-116
-2.549518417769844868e-293
-6.156920472950443903e-274
-2.220281838550599733e-293
-2.075085243770997506e-293
4.027585990165395171e-255
2.202804206103638584e-108
-1.728042468375282503e-293
-1.534729819668764760e-293
-1.417761036270354140e-293
-2.927162250297740512e-140
-1.374797037069120633e-293
2.552252221522452093e-09
6.347823567592726794e-63
-1.184521741810925812e-293
1.735114410569731333e-277
9.999999974477478126e-01
-1.402136921156833599e-34
-6.892072818426305836e-236
-9.913629538198578082e-294
4.620341698924714445e-52
-8.997207085441165848e-294
-8.902986225939610698e-294
-9.060963717384702904e-294
-4.379146234934064468e-51
9.959721977242033154e-242
-7.818004012108970025e-294
3.058118608272327069e-34
-7.203025737361751988e-294
-2.052899870921735617e-114
-1.968757847269031620e-112
-8.556023605561280167e-186
-6.666519587328147469e-294
3.996897626207565963e-184
4.649093515263550837e-259
-5.713939796620786931e-294
7.519467529513720414e-170
-5.538953141154762899e-294
-9.934291382469609204e-198
-5.120694462521402836e-294
-4.641716933269892769e-294
-3.772502952140107547e-294
-5.549394921534545552e-205
