-1.141865048343666122e-298
-1.328660131102168739e-298
-1.331692146912968627e-298
-1.336291234640569014e-298
-1.329105593076879590e-298
-1.322079194559411028e-298
-1.515806054927854119e-298
-1.324245048693105195e-298
-1.516601223795188563e-298
-1.332301417777829422e-298
-1.525781033723843144e-298
-1.520761897654318287e-298
-1.706613394409720628e-298
-1.706613394409719992e-298
-1.706613394409719567e-298
-1.706613394409718506e-298
-1.519018547619203586e-298
-1.329712488275820376e-298
-1.140823111734212223e-298
-1.138560406631489849e-298
-3.546014957139604836e-293
-1.033423422614285758e-243
-3.611097748888842319e-293
-3.548663514643884711e-293
-1.025039723752237532e-120
-3.268482584813362520e-293
6.380313252087192700e-153
-3.228552542793065918e-293
4.253499771268146355e-118
-2.897768802248196084e-293
-2.918311028909894572e-293
-2.824299283712416849e-293
-8.118219722561829325e-244
-8.040008488407397457e-116
-2.547844062532235012e-293
-6.152848904879408518e-274
-2.218825132446002484e-293
-2.073724537012246465e-293
4.024922549798908747e-255
2.201347492912081580e-108
-1.726911154980574143e-293
-1.533726399380877219e-293
-1.416835018437407919e-293
-2.925226519536004998e-140
-1.373899395741863414e-293
2.550564418553413488e-09
6.343625755411796703e-63
-1.183749876446127179e-293
1.733966980378825740e-277
9.993386980077872961e-01
-1.401209688793758173e-34
-6.887515094519681524e-236
-9.907189088663488631e-294
4.617286269538991330e-52
-8.991372829860826890e-294
-8.897214106251067621e-294
-9.055087036705622976e-294
-4.376250307974006741e-51
9.953135618659511312e-242
-7.812950362368193601e-294
3.056096276144182194e-34
-7.198378798408842314e-294
-2.051542289383335109e-114
-1.967455908803892026e-112
-8.550365511928193672e-186
-6.662226532313433523e-294
3.994254480039029855e-184
4.646019072317736426e-259
-5.710276491758207796e-294
7.514494909834959990e-170
-5.535404639045227490e-294
-9.927721841125209584e-198
-5.117424062947343840e-294
-4.638763097475652532e-294
-3.770123863680226955e-294
-5.545725109771449453e-205
-3.029010241310328125e-294
-6.594598369214836012e-54
-3.009024205648841740e-294
-2.084988655825095713e-11
3.069550976290154480e-223
6.612994624981123571e-04
