-1.142209492527943428e-181
-1.023439275109084991e-181
-1.152229252809996223e-181
-1.028318370095656962e-181
-1.405848318020414409e-181
-1.032735311938207333e-181
-1.150055915195568115e-181
-1.143018961156730872e-181
-1.389038679168470784e-181
-1.253331485842057902e-181
-1.135101284158389469e-181
-1.394367408358842175e-181
-1.281151974894811732e-181
-1.271434852106888278e-181
-1.150126312393278723e-181
-1.387491542379627637e-181
-1.142676089886160485e-181
-1.024142323243767654e-181
-1.153210365444688217e-181
-1.030972762434428429e-181
-8.354788778684975127e-176
-2.435452954848718406e-126
-8.508062063314683766e-176
-8.360874726997875602e-176
-2.415695221745974269e-03
-7.700675319772660142e-176
1.503638530211245196e-35
-7.606516293864657292e-176
1.002415695221746006e+00
