-1.183424457960806468e-298
-1.392480653982939515e-298
-1.385977696495035639e-298
-1.186740202755319104e-298
-1.175791615676310297e-298
-1.176275953426184247e-298
-1.174259046913289939e-298
-1.169307774246993914e-298
-1.386708418593066484e-298
-1.388301553553184268e-298
-1.176476812089270805e-298
-1.166168908657990713e-298
-1.375297261292615879e-298
-1.588768436015409898e-298
-1.196923599428225721e-298
-1.397936128421077020e-298
-1.399271969249756015e-298
-1.399867310493801106e-298
-1.378791898647259332e-298
-1.162462627289084685e-298
-3.548340007720053386e-293
-1.034107277179288875e-243
-3.613462247567901665e-293
-3.550986500875743375e-293
-1.025718030513104489e-120
-3.270622017701855786e-293
6.384535341743872170e-153
-3.230664198543525654e-293
4.256314469650405410e-118
-2.899664088971181735e-293
-2.920220766007828108e-293
-2.826144722286795722e-293
-8.123591849315959661e-244
-8.045328859890319475e-116
-2.549507141115349243e-293
-6.156920472950443903e-274
-2.220271853058988632e-293
-2.075075229519339155e-293
4.027585990165395171e-255
2.202804206103638584e-108
-1.728032405835640616e-293
-1.534719736448948220e-293
-1.417749664155481728e-293
-2.927162250297740512e-140
-1.374784991036534455e-293
2.552252221522452093e-09
6.347823567592726794e-63
-1.184511774680416983e-293
1.735114410569731333e-277
9.999999974477478126e-01
-1.402136921156833599e-34
-6.892072818426305836e-236
-9.913528813083699747e-294
4.620341698924714445e-52
-8.997107254299441960e-294
-8.902872764283850622e-294
-9.060835173239402934e-294
-4.379146234934064468e-51
9.959721977242033154e-242
-7.817901638889754502e-294
3.058118608272327069e-34
-7.202924939295775962e-294
-2.052899870921735617e-114
-1.968757847269031620e-112
-8.556023605561280167e-186
-6.666420329505871163e-294
3.996897626207565963e-184
4.649093515263550837e-259
-5.713827282876794694e-294
7.519467529513720414e-170
-5.538846436295166719e-294
-9.934291382469609204e-198
-5.120573324162140159e-294
-4.641617913883528681e-294
-3.772376203691153715e-294
