-1.370854378004970236e-181
-1.475276369514935688e-181
-1.411223257629686985e-181
-1.410335541257800321e-181
-1.369477969715850733e-181
-1.128003051730656492e-181
-1.172523516042182937e-181
-1.275491232109585377e-181
-1.625984019744932960e-181
-1.290484419769886396e-181
-1.127738591807389278e-181
-1.176308559337624077e-181
-1.302124864705349345e-181
-1.172289762865106254e-181
-1.186795032657225141e-181
-1.225382804806989271e-181
-1.098156686113199430e-181
-1.375906557516143256e-181
-1.697609662084392626e-181
-1.464887848050364253e-181
-8.354937738341543282e-176
-2.435452954848718078e-126
-8.508205081919053299e-176
-8.361033310437266312e-176
-2.415695221745974269e-03
-7.700839208818096725e-176
1.503638530211245196e-35
-7.606687101663712822e-176
1.002415695221746006e+00
-6.827205052182474567e-176
-6.875511961758300411e-176
