-2.513309942598731960e-191
-3.081388009050812549e-191
-3.715949173946821220e-191
-3.375567416913449999e-191
-3.110493607288632115e-191
-2.792159852832107406e-191
-2.473340108022125381e-191
-3.056946583461951475e-191
-3.403473206078561082e-191
-3.099932597310531487e-191
-2.793031974550120124e-191
-2.483469527391078031e-191
-2.497911067625789971e-191
-2.784826492785864919e-191
-2.478041946174189506e-191
-3.127019187625967811e-191
-3.113999201513739770e-191
-3.422147068960357403e-191
-3.101059849267192148e-191
-2.488085668041725963e-191
-1.610608116318214025e-185
-4.694503995786055272e-136
-1.640167593565308302e-185
-1.611807001828665084e-185
-4.656419598871779197e-13
-1.484535718087343067e-185
2.898367252071609468e-45
-1.466391989878277284e-185
1.932225575241897071e-10
-1.316133202018539403e-185
-1.325458365730510280e-185
-1.282749756855345989e-185
-3.687841217090373375e-136
-3.652312416095664373e-08
-1.157159768252739251e-185
-2.795037652267834921e-166
-1.007694444021869890e-185
-9.417868800721239300e-186
1.828390433125758328e-147
1.000000036330367159e+00
