8.987803833341728143e-184
9.477372846068753966e-184
9.863680090116303377e-184
7.406904107626525214e-184
7.064958596702315234e-184
7.031240883578998615e-184
7.328420536259791260e-184
8.777225518159832043e-184
1.023242363211504165e-183
8.558910098304496397e-184
7.050990259698747631e-184
7.809841128997742271e-184
8.828840056918405456e-184
8.906346426140004787e-184
7.766552995783865349e-184
7.450553709918952511e-184
7.792098872151818652e-184
7.741095165148046092e-184
8.463474963762070328e-184
7.641945459302355497e-184
4.433082865496593166e-178
1.292170806883721645e-128
4.514422885347934418e-178
4.436352334187999754e-178
1.281688007010811864e-05
4.086049156439309937e-178
-7.977808846507598062e-38
4.036099879104337821e-178
-5.318486218954900958e-03
3.622525244580590366e-178
3.648181034733698585e-178
3.530611886062798955e-178
1.015085036763037373e-128
1.005305669338884877e+00
3.184945362949947459e-178
7.693392234074706416e-159
