5.121518654942120988e-179
5.683745155404448345e-179
5.657777725228916306e-179
4.348833752032690743e-179
4.996266460863782574e-179
4.173179593912760780e-179
3.831732094403631854e-179
4.359773680607894153e-179
4.662198989396579187e-179
4.420392987809137165e-179
4.545336273986262275e-179
4.274139683462691516e-179
3.951203611269081479e-179
4.175539540395661305e-179
4.211630099624641759e-179
4.499469242804918572e-179
3.934138377917930836e-179
3.956730819231397544e-179
4.270106808157651104e-179
3.941926297858140661e-179
3.458442899329576101e-173
1.008178901429652964e-123
3.521878858268204735e-173
3.460942403193397674e-173
1.000000000000000000e+00
