-1.014457760426647683e-298
-1.005062820887049865e-298
-1.007694418405687944e-298
-1.100030366962712137e-298
-1.098762821216704864e-298
-1.101405328780326334e-298
-1.005945776750211483e-298
-1.007485577595168340e-298
-1.098305727309236874e-298
-1.188289579297499552e-298
-1.285468005832579504e-298
-1.192831072605633480e-298
-1.104929076580222178e-298
-1.003963241543720435e-298
-1.004813401912951717e-298
-9.985770712822084177e-299
-1.006213577125265064e-298
-1.009987813018662876e-298
-1.102033841757733977e-298
-1.196025870190871119e-298
-3.548251124488417060e-293
-1.034107277179288875e-243
-3.613377296982724793e-293
-3.550903980029020354e-293
-1.025718030513104489e-120
-3.270535371126710507e-293
6.384535341743872170e-153
-3.230577076459674010e-293
4.256314469650405410e-118
-2.899568683616200427e-293
-2.920130453277871315e-293
-2.826058116456401357e-293
-8.123591849315959661e-244
-8.045328859890319475e-116
-2.549424962130368964e-293
-6.156920472950443903e-274
-2.220179333140397388e-293
-2.074989183590362880e-293
4.027585990165395171e-255
2.202804206103638584e-108
-1.727948107861098311e-293
-1.534637281249584702e-293
-1.417663971603663201e-293
-2.927162250297740512e-140
-1.374695594273732772e-293
2.552252221522452093e-09
6.347823567592726794e-63
-1.184423659362376825e-293
1.735114410569731333e-277
9.999999974477478126e-01
-1.402136921156833599e-34
-6.892072818426305836e-236
-9.912663360992567876e-294
4.620341698924714445e-52
-8.996240093493711957e-294
-8.901987985415349898e-294
-9.059910182455760454e-294
-4.379146234934064468e-51
9.959721977242033154e-242
-7.817017989421503257e-294
3.058118608272327069e-34
-7.202100756583008092e-294
-2.052899870921735617e-114
-1.968757847269031620e-112
-8.556023605561280167e-186
-6.665577432677673867e-294
3.996897626207565963e-184
4.649093515263550837e-259
