-3.398139767146238994e-290
-3.431682138593073484e-290
-2.640769900807276013e-290
-2.625612248350001683e-290
-2.592179430115739436e-290
-2.560856144531271407e-290
-2.591847769585149082e-290
-2.629298929223016196e-290
-2.661748400899728985e-290
-2.583381934969069108e-290
-2.576671276499022851e-290
-4.141577892881058609e-290
-3.366646601652493961e-290
-2.557715465209614198e-290
-3.351717728715011662e-290
-2.561164715377193961e-290
-2.599078413427594102e-290
-4.157949097884410938e-290
-3.468707761759325319e-290
-2.635065021299912359e-290
-1.390162938732962986e-284
-4.051744057499263641e-235
-1.415678542862058102e-284
-1.391202001050065490e-284
-4.018874082520144216e-112
-1.281353892490927348e-284
2.501529938109099849e-144
-1.265694286036240973e-284
1.667670002893153799e-109
-1.136007646780537657e-284
-1.144058547355423641e-284
-1.107199015669088812e-284
-3.182911070000021944e-235
-3.152246785034112262e-107
-9.988120858305951701e-285
-2.412347972912238256e-265
-8.698072678888372293e-285
-8.129223604628399684e-285
1.578051712993666289e-246
8.630824914277621190e-100
-6.769529872067551770e-285
-6.012105208287389958e-285
-5.553753964890125356e-285
-1.146893800547521827e-131
-5.385374391575331452e-285
1.000000000000000000e+00
2.487145868289681497e-54
