4.038137969713965214e-01
1.446999439147504118e-01
1.306786315199102710e-01
1.239484015703869874e-01
1.217049915872125687e-01
1.194615816040381362e-01
1.183398766124509199e-01
1.166573191250701025e-01
1.160964666292765013e-01
1.144139091418956838e-01
1.144139091418956838e-01
1.144139091418956838e-01
1.127313516545148664e-01
1.127313516545148664e-01
1.127313516545148664e-01
1.127313516545148664e-01
1.116096466629276501e-01
1.116096466629276501e-01
1.116096466629276501e-01
1.116096466629276501e-01
1.116096466629276501e-01
1.110487941671340489e-01
1.110487941671340489e-01
1.093662366797532315e-01
1.093662366797532315e-01
1.093662366797532315e-01
1.088053841839596164e-01
1.088053841839596164e-01
1.088053841839596164e-01
1.082445316881660152e-01
1.076836791923724002e-01
1.076836791923724002e-01
1.076836791923724002e-01
1.076836791923724002e-01
1.076836791923724002e-01
1.076836791923724002e-01
1.076836791923724002e-01
1.076836791923724002e-01
1.076836791923724002e-01
1.076836791923724002e-01
1.076836791923724002e-01
1.076836791923724002e-01
1.076836791923724002e-01
1.076836791923724002e-01
1.076836791923724002e-01
1.076836791923724002e-01
1.076836791923724002e-01
1.076836791923724002e-01
1.076836791923724002e-01
1.076836791923724002e-01
1.076836791923724002e-01
1.076836791923724002e-01
1.076836791923724002e-01
1.076836791923724002e-01
1.076836791923724002e-01
1.076836791923724002e-01
1.076836791923724002e-01
1.076836791923724002e-01
1.076836791923724002e-01
1.076836791923724002e-01
1.076836791923724002e-01
1.076836791923724002e-01
1.076836791923724002e-01
1.076836791923724002e-01
1.076836791923724002e-01
1.076836791923724002e-01
1.076836791923724002e-01
1.076836791923724002e-01
1.076836791923724002e-01
1.076836791923724002e-01
1.076836791923724002e-01
1.076836791923724002e-01
1.076836791923724002e-01
1.076836791923724002e-01
1.076836791923724002e-01
1.071228266965787990e-01
1.071228266965787990e-01
1.071228266965787990e-01
1.071228266965787990e-01
1.071228266965787990e-01
1.071228266965787990e-01
1.071228266965787990e-01
1.071228266965787990e-01
1.071228266965787990e-01
1.071228266965787990e-01
1.071228266965787990e-01
1.071228266965787990e-01
1.071228266965787990e-01
1.071228266965787990e-01
1.071228266965787990e-01
1.071228266965787990e-01
1.071228266965787990e-01
1.071228266965787990e-01
1.071228266965787990e-01
1.065619742007851978e-01
1.065619742007851978e-01
1.065619742007851978e-01
1.065619742007851978e-01
1.065619742007851978e-01
1.065619742007851978e-01
1.065619742007851978e-01
1.065619742007851978e-01
1.065619742007851978e-01
1.065619742007851978e-01
1.065619742007851978e-01
1.065619742007851978e-01
1.065619742007851978e-01
1.065619742007851978e-01
1.065619742007851978e-01
1.060011217049915827e-01
1.060011217049915827e-01
1.060011217049915827e-01
1.060011217049915827e-01
1.060011217049915827e-01
1.060011217049915827e-01
1.060011217049915827e-01
1.060011217049915827e-01
1.060011217049915827e-01
1.060011217049915827e-01
1.060011217049915827e-01
1.060011217049915827e-01
1.060011217049915827e-01
1.048794167134043803e-01
1.048794167134043803e-01
1.048794167134043803e-01
1.048794167134043803e-01
1.048794167134043803e-01
1.043185642176107653e-01
1.043185642176107653e-01
1.043185642176107653e-01
1.043185642176107653e-01
1.043185642176107653e-01
1.043185642176107653e-01
1.043185642176107653e-01
1.043185642176107653e-01
1.043185642176107653e-01
3.309029725182276865e-02
3.309029725182276865e-02
3.309029725182276865e-02
3.309029725182276865e-02
3.309029725182276865e-02
3.309029725182276865e-02
3.309029725182276865e-02
3.309029725182276865e-02
3.309029725182276865e-02
3.309029725182276865e-02
3.309029725182276865e-02
3.309029725182276865e-02
3.252944475602916746e-02
3.252944475602916746e-02
3.252944475602916746e-02
3.252944475602916746e-02
3.252944475602916746e-02
3.252944475602916746e-02
3.252944475602916746e-02
3.252944475602916746e-02
3.252944475602916746e-02
3.252944475602916746e-02
3.252944475602916746e-02
3.252944475602916746e-02
3.252944475602916746e-02
3.252944475602916746e-02
3.252944475602916746e-02
3.252944475602916746e-02
3.252944475602916746e-02
3.252944475602916746e-02
3.252944475602916746e-02
3.252944475602916746e-02
3.252944475602916746e-02
3.252944475602916746e-02
3.252944475602916746e-02
3.252944475602916746e-02
3.252944475602916746e-02
3.252944475602916746e-02
3.252944475602916746e-02
3.252944475602916746e-02
3.252944475602916746e-02
3.252944475602916746e-02
3.252944475602916746e-02
3.252944475602916746e-02
3.252944475602916746e-02
3.252944475602916746e-02
3.252944475602916746e-02
3.252944475602916746e-02
3.252944475602916746e-02
3.252944475602916746e-02
3.252944475602916746e-02
3.252944475602916746e-02
3.252944475602916746e-02
3.252944475602916746e-02
3.252944475602916746e-02
3.252944475602916746e-02
3.252944475602916746e-02
3.252944475602916746e-02
3.252944475602916746e-02
3.252944475602916746e-02
3.252944475602916746e-02
3.252944475602916746e-02
3.196859226023555933e-02
3.196859226023555933e-02
3.196859226023555933e-02
3.196859226023555933e-02
3.196859226023555933e-02
3.196859226023555933e-02
3.196859226023555933e-02
3.196859226023555933e-02
3.140773976444195120e-02
3.140773976444195120e-02
3.140773976444195120e-02
3.140773976444195120e-02
3.140773976444195120e-02
3.140773976444195120e-02
3.140773976444195120e-02
3.140773976444195120e-02
3.140773976444195120e-02
3.140773976444195120e-02
3.140773976444195120e-02
3.140773976444195120e-02
3.140773976444195120e-02
3.140773976444195120e-02
3.140773976444195120e-02
3.140773976444195120e-02
3.140773976444195120e-02
3.140773976444195120e-02
3.140773976444195120e-02
3.140773976444195120e-02
3.140773976444195120e-02
3.140773976444195120e-02
3.140773976444195120e-02
3.140773976444195120e-02
3.140773976444195120e-02
3.140773976444195120e-02
3.140773976444195120e-02
3.140773976444195120e-02
3.140773976444195120e-02
3.140773976444195120e-02
3.140773976444195120e-02
3.140773976444195120e-02
3.140773976444195120e-02
3.140773976444195120e-02
3.140773976444195120e-02
3.140773976444195120e-02
3.140773976444195120e-02
3.140773976444195120e-02
3.140773976444195120e-02
3.140773976444195120e-02
3.140773976444195120e-02
3.140773976444195120e-02
3.140773976444195120e-02
3.140773976444195120e-02
3.140773976444195120e-02
3.140773976444195120e-02
3.140773976444195120e-02
3.140773976444195120e-02
3.140773976444195120e-02
3.140773976444195120e-02
3.140773976444195120e-02
3.140773976444195120e-02
3.140773976444195120e-02
3.140773976444195120e-02
3.140773976444195120e-02
3.140773976444195120e-02
3.140773976444195120e-02
3.140773976444195120e-02
3.140773976444195120e-02
3.140773976444195120e-02
3.140773976444195120e-02
3.140773976444195120e-02
3.140773976444195120e-02
3.140773976444195120e-02
3.140773976444195120e-02
3.140773976444195120e-02
3.140773976444195120e-02
3.140773976444195120e-02
3.140773976444195120e-02
3.140773976444195120e-02
3.140773976444195120e-02
3.140773976444195120e-02
3.140773976444195120e-02
3.140773976444195120e-02
3.140773976444195120e-02
3.140773976444195120e-02
3.140773976444195120e-02
3.140773976444195120e-02
3.140773976444195120e-02
3.140773976444195120e-02
3.140773976444195120e-02
3.140773976444195120e-02
3.140773976444195120e-02
3.140773976444195120e-02
3.140773976444195120e-02
3.140773976444195120e-02
3.140773976444195120e-02
3.140773976444195120e-02
3.140773976444195120e-02
3.140773976444195120e-02
3.140773976444195120e-02
3.140773976444195120e-02
3.140773976444195120e-02
3.140773976444195120e-02
3.140773976444195120e-02
3.140773976444195120e-02
3.140773976444195120e-02
3.140773976444195120e-02
3.140773976444195120e-02
3.140773976444195120e-02
3.140773976444195120e-02
3.140773976444195120e-02
3.140773976444195120e-02
3.140773976444195120e-02
3.140773976444195120e-02
3.140773976444195120e-02
3.140773976444195120e-02
3.140773976444195120e-02
3.140773976444195120e-02
3.140773976444195120e-02
3.140773976444195120e-02
3.140773976444195120e-02
3.140773976444195120e-02
3.140773976444195120e-02
3.140773976444195120e-02
3.140773976444195120e-02
3.140773976444195120e-02
3.140773976444195120e-02
3.140773976444195120e-02
3.140773976444195120e-02
3.140773976444195120e-02
3.140773976444195120e-02
3.084688726864834654e-02
3.084688726864834654e-02
3.084688726864834654e-02
3.084688726864834654e-02
3.084688726864834654e-02
3.084688726864834654e-02
3.084688726864834654e-02
3.084688726864834654e-02
3.028603477285473841e-02
3.028603477285473841e-02
3.028603477285473841e-02
3.028603477285473841e-02
3.028603477285473841e-02
3.028603477285473841e-02
3.028603477285473841e-02
2.972518227706113375e-02
2.972518227706113375e-02
2.972518227706113375e-02
2.972518227706113375e-02
2.972518227706113375e-02
2.972518227706113375e-02
2.972518227706113375e-02
2.972518227706113375e-02
2.972518227706113375e-02
2.972518227706113375e-02
2.972518227706113375e-02
2.972518227706113375e-02
2.972518227706113375e-02
2.972518227706113375e-02
2.972518227706113375e-02
2.916432978126752562e-02
2.916432978126752562e-02
2.916432978126752562e-02
2.916432978126752562e-02
2.916432978126752562e-02
2.916432978126752562e-02
2.916432978126752562e-02
2.916432978126752562e-02
2.916432978126752562e-02
2.916432978126752562e-02
2.916432978126752562e-02
2.860347728547392096e-02
2.860347728547392096e-02
2.860347728547392096e-02
2.860347728547392096e-02
2.860347728547392096e-02
2.860347728547392096e-02
2.860347728547392096e-02
2.860347728547392096e-02
2.860347728547392096e-02
2.860347728547392096e-02
2.860347728547392096e-02
2.860347728547392096e-02
2.860347728547392096e-02
2.860347728547392096e-02
2.860347728547392096e-02
2.860347728547392096e-02
2.860347728547392096e-02
2.860347728547392096e-02
2.860347728547392096e-02
2.860347728547392096e-02
2.860347728547392096e-02
2.860347728547392096e-02
2.860347728547392096e-02
2.860347728547392096e-02
2.860347728547392096e-02
2.860347728547392096e-02
2.860347728547392096e-02
2.860347728547392096e-02
2.860347728547392096e-02
2.860347728547392096e-02
2.860347728547392096e-02
2.860347728547392096e-02
2.804262478968031283e-02
2.804262478968031283e-02
2.804262478968031283e-02
2.804262478968031283e-02
2.804262478968031283e-02
2.804262478968031283e-02
2.804262478968031283e-02
2.804262478968031283e-02
2.804262478968031283e-02
2.804262478968031283e-02
2.804262478968031283e-02
2.804262478968031283e-02
2.804262478968031283e-02
2.804262478968031283e-02
2.804262478968031283e-02
2.804262478968031283e-02
2.804262478968031283e-02
2.804262478968031283e-02
2.804262478968031283e-02
2.804262478968031283e-02
2.804262478968031283e-02
2.804262478968031283e-02
2.804262478968031283e-02
2.804262478968031283e-02
2.804262478968031283e-02
2.804262478968031283e-02
2.804262478968031283e-02
2.804262478968031283e-02
2.804262478968031283e-02
2.804262478968031283e-02
2.804262478968031283e-02
2.804262478968031283e-02
2.804262478968031283e-02
2.804262478968031283e-02
2.748177229388670817e-02
2.748177229388670817e-02
2.748177229388670817e-02
2.748177229388670817e-02
2.748177229388670817e-02
2.748177229388670817e-02
2.748177229388670817e-02
2.748177229388670817e-02
2.748177229388670817e-02
2.748177229388670817e-02
2.748177229388670817e-02
2.748177229388670817e-02
2.748177229388670817e-02
2.748177229388670817e-02
2.748177229388670817e-02
2.748177229388670817e-02
2.748177229388670817e-02
2.748177229388670817e-02
2.748177229388670817e-02
2.748177229388670817e-02
2.748177229388670817e-02
2.748177229388670817e-02
2.748177229388670817e-02
2.748177229388670817e-02
2.748177229388670817e-02
2.748177229388670817e-02
2.748177229388670817e-02
2.748177229388670817e-02
2.748177229388670817e-02
2.748177229388670817e-02
2.748177229388670817e-02
2.748177229388670817e-02
2.748177229388670817e-02
2.748177229388670817e-02
2.748177229388670817e-02
2.748177229388670817e-02
2.748177229388670817e-02
2.748177229388670817e-02
2.748177229388670817e-02
2.748177229388670817e-02
2.748177229388670817e-02
2.748177229388670817e-02
2.748177229388670817e-02
2.748177229388670817e-02
2.748177229388670817e-02
2.748177229388670817e-02
2.748177229388670817e-02
2.748177229388670817e-02
2.748177229388670817e-02
2.748177229388670817e-02
2.748177229388670817e-02
2.748177229388670817e-02
2.748177229388670817e-02
2.748177229388670817e-02
2.748177229388670817e-02
2.748177229388670817e-02
2.748177229388670817e-02
2.748177229388670817e-02
2.748177229388670817e-02
2.748177229388670817e-02
2.748177229388670817e-02
2.748177229388670817e-02
2.748177229388670817e-02
2.748177229388670817e-02
2.748177229388670817e-02
2.748177229388670817e-02
2.748177229388670817e-02
2.748177229388670817e-02
2.748177229388670817e-02
2.748177229388670817e-02
2.748177229388670817e-02
2.748177229388670817e-02
2.748177229388670817e-02
2.748177229388670817e-02
2.748177229388670817e-02
2.748177229388670817e-02
2.748177229388670817e-02
2.748177229388670817e-02
2.748177229388670817e-02
2.748177229388670817e-02
2.748177229388670817e-02
2.748177229388670817e-02
2.748177229388670817e-02
2.748177229388670817e-02
2.748177229388670817e-02
2.748177229388670817e-02
2.748177229388670817e-02
2.692091979809310004e-02
2.692091979809310004e-02
2.692091979809310004e-02
2.692091979809310004e-02
2.692091979809310004e-02
2.692091979809310004e-02
2.692091979809310004e-02
2.692091979809310004e-02
2.692091979809310004e-02
2.692091979809310004e-02
2.692091979809310004e-02
2.692091979809310004e-02
2.692091979809310004e-02
2.692091979809310004e-02
2.692091979809310004e-02
2.692091979809310004e-02
2.692091979809310004e-02
2.692091979809310004e-02
2.692091979809310004e-02
2.692091979809310004e-02
2.692091979809310004e-02
2.692091979809310004e-02
2.692091979809310004e-02
2.692091979809310004e-02
2.692091979809310004e-02
2.692091979809310004e-02
2.692091979809310004e-02
2.692091979809310004e-02
2.692091979809310004e-02
2.692091979809310004e-02
2.692091979809310004e-02
2.692091979809310004e-02
2.692091979809310004e-02
2.692091979809310004e-02
2.692091979809310004e-02
2.692091979809310004e-02
2.692091979809310004e-02
2.692091979809310004e-02
2.692091979809310004e-02
2.692091979809310004e-02
2.692091979809310004e-02
2.692091979809310004e-02
2.692091979809310004e-02
2.692091979809310004e-02
2.692091979809310004e-02
2.692091979809310004e-02
2.692091979809310004e-02
2.692091979809310004e-02
2.692091979809310004e-02
2.636006730229949538e-02
2.636006730229949538e-02
2.636006730229949538e-02
2.579921480650588725e-02
2.579921480650588725e-02
2.579921480650588725e-02
2.523836231071228259e-02
2.523836231071228259e-02
2.523836231071228259e-02
2.467750981491867793e-02
2.467750981491867793e-02
2.467750981491867793e-02
2.467750981491867793e-02
2.467750981491867793e-02
2.467750981491867793e-02
2.467750981491867793e-02
2.467750981491867793e-02
2.467750981491867793e-02
2.467750981491867793e-02
2.467750981491867793e-02
2.467750981491867793e-02
2.467750981491867793e-02
2.467750981491867793e-02
2.467750981491867793e-02
2.467750981491867793e-02
2.411665731912506980e-02
2.411665731912506980e-02
2.411665731912506980e-02
2.411665731912506980e-02
2.411665731912506980e-02
2.411665731912506980e-02
2.355580482333146514e-02
2.355580482333146514e-02
2.355580482333146514e-02
2.355580482333146514e-02
2.355580482333146514e-02
2.355580482333146514e-02
2.355580482333146514e-02
2.355580482333146514e-02
2.355580482333146514e-02
2.355580482333146514e-02
2.355580482333146514e-02
2.355580482333146514e-02
2.355580482333146514e-02
2.355580482333146514e-02
2.355580482333146514e-02
2.355580482333146514e-02
2.355580482333146514e-02
2.355580482333146514e-02
2.299495232753785701e-02
2.299495232753785701e-02
2.299495232753785701e-02
2.299495232753785701e-02
2.299495232753785701e-02
2.299495232753785701e-02
2.299495232753785701e-02
2.299495232753785701e-02
2.299495232753785701e-02
2.299495232753785701e-02
2.299495232753785701e-02
2.299495232753785701e-02
2.299495232753785701e-02
2.299495232753785701e-02
2.299495232753785701e-02
2.299495232753785701e-02
2.299495232753785701e-02
2.299495232753785701e-02
2.299495232753785701e-02
2.299495232753785701e-02
2.299495232753785701e-02
2.299495232753785701e-02
2.299495232753785701e-02
2.299495232753785701e-02
2.299495232753785701e-02
2.299495232753785701e-02
2.299495232753785701e-02
2.299495232753785701e-02
2.299495232753785701e-02
2.299495232753785701e-02
2.299495232753785701e-02
2.299495232753785701e-02
2.299495232753785701e-02
2.299495232753785701e-02
2.299495232753785701e-02
2.299495232753785701e-02
2.299495232753785701e-02
2.299495232753785701e-02
2.299495232753785701e-02
2.299495232753785701e-02
2.299495232753785701e-02
2.299495232753785701e-02
2.299495232753785701e-02
2.299495232753785701e-02
2.299495232753785701e-02
2.299495232753785701e-02
2.299495232753785701e-02
2.299495232753785701e-02
2.299495232753785701e-02
2.299495232753785701e-02
2.299495232753785701e-02
2.299495232753785701e-02
2.299495232753785701e-02
2.299495232753785701e-02
2.299495232753785701e-02
2.299495232753785701e-02
2.299495232753785701e-02
2.299495232753785701e-02
2.299495232753785701e-02
2.299495232753785701e-02
2.299495232753785701e-02
2.299495232753785701e-02
2.299495232753785701e-02
2.299495232753785701e-02
2.299495232753785701e-02
2.299495232753785701e-02
2.299495232753785701e-02
2.299495232753785701e-02
2.299495232753785701e-02
2.299495232753785701e-02
2.299495232753785701e-02
2.299495232753785701e-02
2.299495232753785701e-02
2.299495232753785701e-02
2.299495232753785701e-02
2.299495232753785701e-02
2.299495232753785701e-02
2.299495232753785701e-02
2.299495232753785701e-02
2.299495232753785701e-02
2.299495232753785701e-02
2.299495232753785701e-02
2.299495232753785701e-02
2.299495232753785701e-02
2.299495232753785701e-02
2.299495232753785701e-02
2.299495232753785701e-02
2.299495232753785701e-02
2.299495232753785701e-02
2.299495232753785701e-02
2.299495232753785701e-02
2.299495232753785701e-02
2.299495232753785701e-02
2.299495232753785701e-02
2.299495232753785701e-02
2.299495232753785701e-02
2.299495232753785701e-02
2.299495232753785701e-02
2.299495232753785701e-02
2.299495232753785701e-02
2.299495232753785701e-02
2.299495232753785701e-02
2.299495232753785701e-02
2.299495232753785701e-02
2.299495232753785701e-02
2.299495232753785701e-02
2.299495232753785701e-02
2.299495232753785701e-02
2.299495232753785701e-02
2.299495232753785701e-02
2.243409983174425235e-02
2.243409983174425235e-02
2.243409983174425235e-02
2.243409983174425235e-02
2.243409983174425235e-02
2.243409983174425235e-02
2.243409983174425235e-02
2.243409983174425235e-02
2.243409983174425235e-02
2.243409983174425235e-02
2.187324733595064422e-02
2.187324733595064422e-02
2.187324733595064422e-02
2.187324733595064422e-02
2.187324733595064422e-02
2.187324733595064422e-02
2.187324733595064422e-02
2.187324733595064422e-02
2.187324733595064422e-02
2.187324733595064422e-02
2.187324733595064422e-02
2.187324733595064422e-02
2.187324733595064422e-02
2.187324733595064422e-02
2.187324733595064422e-02
2.187324733595064422e-02
2.187324733595064422e-02
2.187324733595064422e-02
2.187324733595064422e-02
2.187324733595064422e-02
2.187324733595064422e-02
2.187324733595064422e-02
2.187324733595064422e-02
2.187324733595064422e-02
2.187324733595064422e-02
2.187324733595064422e-02
2.187324733595064422e-02
2.187324733595064422e-02
2.187324733595064422e-02
2.187324733595064422e-02
2.187324733595064422e-02
2.187324733595064422e-02
2.131239484015703955e-02
2.131239484015703955e-02
2.131239484015703955e-02
2.131239484015703955e-02
2.131239484015703955e-02
2.131239484015703955e-02
2.131239484015703955e-02
2.131239484015703955e-02
2.131239484015703955e-02
2.131239484015703955e-02
2.131239484015703955e-02
2.131239484015703955e-02
2.131239484015703955e-02
2.131239484015703955e-02
2.131239484015703955e-02
2.131239484015703955e-02
2.019068984856982676e-02
2.019068984856982676e-02
2.019068984856982676e-02
2.019068984856982676e-02
2.019068984856982676e-02
2.019068984856982676e-02
1.962983735277621863e-02
1.962983735277621863e-02
1.962983735277621863e-02
1.962983735277621863e-02
1.962983735277621863e-02
1.962983735277621863e-02
1.962983735277621863e-02
1.962983735277621863e-02
1.962983735277621863e-02
1.962983735277621863e-02
1.962983735277621863e-02
1.738642736960179305e-02
1.738642736960179305e-02
1.738642736960179305e-02
1.738642736960179305e-02
1.738642736960179305e-02
1.738642736960179305e-02
1.738642736960179305e-02
1.682557487380818839e-02
1.682557487380818839e-02
1.682557487380818839e-02
1.682557487380818839e-02
1.682557487380818839e-02
1.682557487380818839e-02
1.682557487380818839e-02
1.682557487380818839e-02
1.682557487380818839e-02
1.682557487380818839e-02
1.682557487380818839e-02
1.682557487380818839e-02
1.682557487380818839e-02
1.682557487380818839e-02
1.682557487380818839e-02
1.682557487380818839e-02
1.682557487380818839e-02
1.682557487380818839e-02
1.682557487380818839e-02
1.682557487380818839e-02
1.682557487380818839e-02
1.682557487380818839e-02
1.682557487380818839e-02
1.682557487380818839e-02
1.682557487380818839e-02
1.682557487380818839e-02
1.682557487380818839e-02
1.682557487380818839e-02
1.682557487380818839e-02
1.682557487380818839e-02
1.682557487380818839e-02
1.682557487380818839e-02
1.682557487380818839e-02
1.682557487380818839e-02
1.682557487380818839e-02
1.682557487380818839e-02
1.682557487380818839e-02
1.682557487380818839e-02
1.682557487380818839e-02
1.626472237801458373e-02
1.626472237801458373e-02
1.626472237801458373e-02
1.626472237801458373e-02
1.570386988222097560e-02
1.570386988222097560e-02
1.570386988222097560e-02
1.570386988222097560e-02
1.570386988222097560e-02
1.570386988222097560e-02
1.458216489063376281e-02
1.458216489063376281e-02
1.458216489063376281e-02
1.458216489063376281e-02
1.458216489063376281e-02
1.458216489063376281e-02
1.458216489063376281e-02
1.458216489063376281e-02
1.458216489063376281e-02
1.458216489063376281e-02
1.458216489063376281e-02
1.458216489063376281e-02
1.458216489063376281e-02
1.458216489063376281e-02
1.458216489063376281e-02
1.458216489063376281e-02
1.458216489063376281e-02
1.458216489063376281e-02
1.458216489063376281e-02
1.458216489063376281e-02
1.458216489063376281e-02
1.458216489063376281e-02
1.458216489063376281e-02
1.458216489063376281e-02
1.458216489063376281e-02
1.458216489063376281e-02
1.458216489063376281e-02
1.458216489063376281e-02
1.458216489063376281e-02
1.458216489063376281e-02
1.458216489063376281e-02
1.458216489063376281e-02
1.458216489063376281e-02
1.458216489063376281e-02
1.458216489063376281e-02
1.458216489063376281e-02
1.458216489063376281e-02
1.458216489063376281e-02
1.458216489063376281e-02
1.458216489063376281e-02
1.458216489063376281e-02
1.458216489063376281e-02
1.346045989904655002e-02
1.346045989904655002e-02
1.346045989904655002e-02
1.346045989904655002e-02
1.233875490745933896e-02
1.233875490745933896e-02
1.233875490745933896e-02
1.233875490745933896e-02
1.233875490745933896e-02
1.233875490745933896e-02
1.233875490745933896e-02
1.233875490745933896e-02
1.233875490745933896e-02
1.233875490745933896e-02
1.233875490745933896e-02
1.233875490745933896e-02
1.233875490745933896e-02
1.233875490745933896e-02
1.233875490745933896e-02
1.233875490745933896e-02
1.233875490745933896e-02
1.233875490745933896e-02
1.233875490745933896e-02
1.233875490745933896e-02
1.233875490745933896e-02
1.233875490745933896e-02
1.233875490745933896e-02
1.233875490745933896e-02
1.233875490745933896e-02
1.233875490745933896e-02
1.233875490745933896e-02
1.177790241166573257e-02
1.177790241166573257e-02
1.177790241166573257e-02
1.177790241166573257e-02
1.177790241166573257e-02
1.177790241166573257e-02
1.177790241166573257e-02
1.121704991587212617e-02
1.121704991587212617e-02
1.121704991587212617e-02
1.121704991587212617e-02
1.121704991587212617e-02
1.121704991587212617e-02
1.121704991587212617e-02
1.121704991587212617e-02
1.121704991587212617e-02
1.121704991587212617e-02
1.121704991587212617e-02
1.009534492428491338e-02
1.009534492428491338e-02
1.009534492428491338e-02
1.009534492428491338e-02
1.009534492428491338e-02
1.009534492428491338e-02
1.009534492428491338e-02
1.009534492428491338e-02
1.009534492428491338e-02
1.009534492428491338e-02
9.534492428491306987e-03
9.534492428491306987e-03
8.412787436904094196e-03
8.412787436904094196e-03
8.412787436904094196e-03
8.412787436904094196e-03
8.412787436904094196e-03
8.412787436904094196e-03
8.412787436904094196e-03
8.412787436904094196e-03
8.412787436904094196e-03
8.412787436904094196e-03
8.412787436904094196e-03
8.412787436904094196e-03
8.412787436904094196e-03
8.412787436904094196e-03
8.412787436904094196e-03
8.412787436904094196e-03
8.412787436904094196e-03
7.851934941110487801e-03
7.851934941110487801e-03
7.851934941110487801e-03
7.851934941110487801e-03
7.851934941110487801e-03
6.169377453729669482e-03
6.169377453729669482e-03
5.608524957936063086e-03
5.608524957936063086e-03
5.608524957936063086e-03
5.047672462142456691e-03
5.047672462142456691e-03
4.486819966348850296e-03
4.486819966348850296e-03
3.925967470555243900e-03
3.365114974761637505e-03
1.682557487380818752e-03
1.121704991587212574e-03
0.000000000000000000e+00
