9.978894472361808932e-01
9.808040201005024938e-01
9.431155778894472208e-01
9.146733668341708867e-01
8.987939698492461993e-01
8.803015075376884324e-01
8.688442211055276143e-01
8.542713567839196331e-01
8.428140703517588150e-01
8.357788944723617552e-01
8.271356783919597833e-01
8.201005025125628345e-01
8.106532663316582399e-01
8.018090452261306122e-01
7.975879396984925096e-01
7.892462311557788546e-01
7.815075376884421665e-01
7.774874371859296085e-01
7.722613065326633386e-01
7.627135678391959717e-01
7.603015075376884369e-01
7.561809045226131065e-01
7.499497487437185583e-01
7.447236180904522884e-01
7.403015075376884191e-01
7.345728643216080656e-01
7.317587939698492194e-01
7.289447236180904843e-01
7.271356783919598055e-01
7.211055276381909129e-01
7.189949748743718061e-01
7.157788944723617597e-01
7.137688442211055362e-01
7.093467336683416669e-01
7.075376884422110990e-01
7.046231155778894806e-01
6.972864321608039928e-01
6.932663316582914348e-01
6.899497487437186161e-01
6.888442211055276765e-01
6.856281407035176301e-01
6.832160804020100953e-01
6.794974874371859652e-01
6.790954773869346539e-01
6.745728643216080123e-01
6.701507537688442540e-01
6.689447236180904310e-01
6.666331658291457796e-01
6.626130653266331105e-01
6.592964824120602918e-01
6.564824120603015567e-01
6.549748743718593058e-01
6.511557788944724035e-01
6.500502512562813529e-01
6.469346733668341898e-01
6.439195979899497990e-01
6.411055276381909529e-01
6.381909547738693345e-01
6.372864321608040505e-01
6.347738693467336324e-01
6.319597989949748973e-01
6.297487437185930181e-01
6.272361809045226000e-01
6.252261306532663765e-01
6.211055276381909351e-01
6.173869346733668051e-01
6.135678391959799027e-01
6.096482412060301170e-01
6.069346733668341543e-01
6.055276381909547867e-01
6.029145728643215962e-01
5.997989949748743221e-01
5.966834170854271591e-01
5.923618090452261731e-01
5.901507537688441829e-01
5.883417085427136151e-01
5.847236180904522573e-01
5.820100502512562946e-01
5.785929648241205925e-01
5.750753768844221181e-01
5.706532663316582488e-01
5.646231155778894673e-01
5.629145728643215607e-01
5.563819095477386956e-01
5.500502512562813751e-01
5.485427135678392352e-01
5.468341708542713286e-01
5.457286432160803891e-01
5.438190954773869379e-01
5.426130653266331150e-01
5.419095477386934867e-01
5.415075376884421754e-01
5.407035175879396638e-01
5.391959798994975239e-01
5.374874371859296174e-01
5.353768844221105105e-01
5.325628140703517754e-01
5.316582914572863805e-01
5.304522613065326686e-01
5.297487437185929293e-01
5.286432160804019897e-01
5.274371859296482778e-01
5.263316582914573383e-01
5.251256281407035154e-01
5.247236180904523151e-01
5.233165829145728365e-01
5.231155778894471808e-01
5.228140703517587529e-01
5.221105527638191246e-01
5.215075376884421576e-01
5.202010050251256734e-01
5.195979899497487065e-01
5.191959798994975062e-01
5.182914572864321112e-01
5.177889447236181386e-01
5.172864321608040550e-01
5.169849246231156270e-01
5.166834170854270880e-01
5.152763819095477205e-01
5.146733668341708645e-01
5.139698492462311252e-01
5.131658291457286136e-01
5.130653266331658413e-01
5.128643216080401857e-01
5.120603015075376740e-01
4.998994974874371722e-01
4.824120603015075170e-01
4.712562814070351824e-01
4.659296482412060292e-01
4.595979899497487642e-01
4.528643216080401879e-01
4.485427135678392019e-01
4.441206030150753881e-01
4.409045226130653417e-01
4.383919597989949790e-01
4.364824120603015278e-01
4.342713567839195932e-01
4.308542713567839466e-01
4.294472361809045236e-01
4.281407035175879283e-01
4.247236180904522818e-01
4.242211055276381981e-01
4.219095477386934911e-01
4.181909547738693611e-01
4.164824120603015101e-01
4.153768844221105705e-01
4.130653266331658080e-01
4.100502512562814172e-01
4.067336683417085430e-01
4.045226130653266083e-01
4.033165829145728409e-01
4.027135678391959850e-01
4.023115577889447292e-01
3.993969849246231107e-01
3.989949748743718549e-01
3.986934673366834270e-01
3.981909547738693433e-01
3.964824120603014923e-01
3.961809045226130643e-01
3.943718592964823855e-01
3.909547738693467389e-01
3.896482412060301437e-01
3.881407035175879483e-01
3.877386934673366925e-01
3.854271356783919855e-01
3.845226130653266461e-01
3.836180904522613067e-01
3.835175879396984788e-01
3.795979899497487486e-01
3.779899497487437254e-01
3.762814070351758744e-01
3.750753768844221070e-01
3.742713567839195954e-01
3.740703517587939952e-01
3.720603015075376607e-01
3.709547738693467211e-01
3.709547738693467211e-01
3.707537688442211210e-01
3.700502512562813817e-01
3.687437185929648420e-01
3.679396984924623304e-01
3.671356783919598188e-01
3.659296482412060514e-01
3.649246231155778841e-01
3.639195979899497724e-01
3.628140703517587773e-01
3.618090452261306655e-01
3.611055276381909818e-01
3.589949748743718749e-01
3.583919597989949635e-01
3.557788944723618285e-01
3.556783919597990007e-01
3.551758793969849171e-01
3.514572864321607870e-01
3.500502512562814195e-01
3.489447236180904799e-01
3.468341708542713731e-01
3.434170854271356710e-01
3.430150753768844152e-01
3.429145728643215874e-01
3.425125628140703316e-01
3.412060301507537918e-01
3.406030150753768804e-01
3.394974874371859408e-01
3.365829145728643224e-01
3.343718592964823877e-01
3.341708542713567875e-01
3.310552763819095690e-01
3.265326633165829273e-01
3.263316582914572717e-01
3.251256281407035043e-01
3.251256281407035043e-01
3.251256281407035043e-01
3.248241206030150763e-01
3.248241206030150763e-01
3.234170854271356532e-01
3.234170854271356532e-01
3.228140703517587973e-01
3.227135678391959694e-01
3.221105527638191135e-01
3.219095477386934578e-01
3.214070351758793742e-01
3.214070351758793742e-01
3.212060301507537741e-01
3.209045226130653461e-01
3.207035175879396904e-01
3.202010050251256068e-01
3.193969849246230952e-01
3.193969849246230952e-01
3.193969849246230952e-01
3.180904522613065555e-01
3.170854271356783882e-01
3.169849246231155604e-01
3.169849246231155604e-01
3.158793969849246208e-01
3.156783919597990207e-01
3.154773869346733650e-01
3.149748743718592814e-01
3.149748743718592814e-01
3.148743718592965091e-01
3.146733668341708534e-01
3.146733668341708534e-01
3.141708542713567698e-01
3.141708542713567698e-01
3.139698492462311696e-01
3.132663316582914304e-01
3.126633165829145744e-01
3.111557788944723790e-01
3.110552763819095512e-01
3.110552763819095512e-01
3.109547738693467234e-01
3.106532663316582954e-01
3.106532663316582954e-01
3.103517587939698674e-01
3.101507537688442118e-01
3.101507537688442118e-01
3.100502512562813839e-01
3.099497487437186116e-01
3.099497487437186116e-01
3.099497487437186116e-01
3.096482412060301281e-01
3.092462311557788723e-01
3.079396984924623326e-01
3.079396984924623326e-01
3.071356783919598210e-01
3.070351758793969932e-01
3.070351758793969932e-01
3.070351758793969932e-01
3.063316582914573094e-01
3.060301507537688259e-01
3.059296482412060536e-01
3.059296482412060536e-01
3.059296482412060536e-01
3.059296482412060536e-01
3.059296482412060536e-01
3.057286432160803979e-01
3.055276381909547978e-01
3.047236180904522862e-01
3.043216080402010304e-01
3.035175879396985188e-01
3.030150753768844352e-01
3.030150753768844352e-01
3.025125628140703515e-01
3.022110552763819236e-01
3.022110552763819236e-01
3.022110552763819236e-01
3.019095477386934401e-01
3.019095477386934401e-01
3.018090452261306678e-01
3.014070351758794120e-01
3.011055276381909285e-01
3.007035175879396727e-01
3.007035175879396727e-01
3.005025125628140725e-01
3.002010050251256446e-01
3.002010050251256446e-01
3.002010050251256446e-01
3.002010050251256446e-01
3.001005025125628167e-01
3.001005025125628167e-01
2.996984924623115609e-01
2.990954773869346495e-01
2.986934673366833937e-01
2.985929648241206213e-01
2.977889447236181097e-01
2.968844221105527703e-01
2.967839195979899425e-01
2.967839195979899425e-01
2.965829145728643423e-01
2.954773869346733473e-01
2.954773869346733473e-01
2.951758793969849193e-01
2.949748743718593191e-01
2.948743718592964913e-01
2.947738693467336635e-01
2.947738693467336635e-01
2.942713567839195798e-01
2.940703517587939797e-01
2.940703517587939797e-01
2.940703517587939797e-01
2.940703517587939797e-01
2.940703517587939797e-01
2.940703517587939797e-01
2.939698492462311519e-01
2.935678391959798961e-01
2.934673366834170682e-01
2.934673366834170682e-01
2.933668341708542959e-01
2.932663316582914681e-01
2.930653266331658124e-01
2.914572864321607892e-01
2.903517587939698497e-01
2.903517587939698497e-01
2.902512562814070218e-01
2.901507537688441940e-01
2.901507537688441940e-01
2.896482412060301659e-01
2.894472361809045102e-01
2.889447236180904266e-01
2.889447236180904266e-01
2.888442211055276543e-01
2.882412060301507428e-01
2.881407035175879150e-01
2.864321608040201195e-01
2.862311557788944638e-01
2.858291457286432080e-01
2.858291457286432080e-01
2.849246231155778686e-01
2.846231155778894406e-01
2.844221105527638405e-01
2.844221105527638405e-01
2.844221105527638405e-01
2.844221105527638405e-01
2.844221105527638405e-01
2.843216080402010126e-01
2.842211055276381848e-01
2.837185929648241012e-01
2.835175879396985010e-01
2.833165829145728454e-01
2.831155778894472452e-01
2.828140703517588173e-01
2.823115577889447336e-01
2.823115577889447336e-01
2.818090452261306500e-01
2.818090452261306500e-01
2.818090452261306500e-01
2.818090452261306500e-01
2.817085427135678222e-01
2.814070351758793942e-01
2.811055276381909662e-01
2.797989949748743710e-01
2.797989949748743710e-01
2.797989949748743710e-01
2.794974874371859430e-01
2.794974874371859430e-01
2.794974874371859430e-01
2.794974874371859430e-01
2.794974874371859430e-01
2.794974874371859430e-01
2.780904522613065200e-01
2.777889447236180920e-01
2.775879396984924363e-01
2.761809045226130688e-01
2.759798994974874131e-01
2.758793969849246408e-01
2.753768844221105572e-01
2.752763819095477293e-01
2.745728643216080456e-01
2.737688442211055340e-01
2.736683417085427061e-01
2.734673366834171060e-01
2.734673366834171060e-01
2.732663316582914503e-01
2.730653266331658502e-01
2.730653266331658502e-01
2.729648241206030224e-01
2.728643216080401945e-01
2.726633165829145944e-01
2.726633165829145944e-01
2.716582914572864271e-01
2.709547738693467434e-01
2.704522613065326597e-01
2.703517587939698319e-01
2.703517587939698319e-01
2.700502512562814039e-01
2.700502512562814039e-01
2.700502512562814039e-01
2.700502512562814039e-01
2.698492462311558038e-01
2.698492462311558038e-01
2.685427135678392085e-01
2.684422110552763807e-01
2.681407035175879527e-01
2.681407035175879527e-01
2.681407035175879527e-01
2.681407035175879527e-01
2.680402010050251249e-01
2.680402010050251249e-01
2.680402010050251249e-01
2.680402010050251249e-01
2.674371859296482135e-01
2.664321608040201017e-01
2.658291457286431902e-01
2.657286432160804179e-01
2.655276381909547623e-01
2.655276381909547623e-01
2.655276381909547623e-01
2.653266331658291621e-01
2.649246231155779063e-01
2.645226130653266505e-01
2.641206030150753947e-01
2.639195979899497391e-01
2.639195979899497391e-01
2.638190954773869112e-01
2.636180904522613111e-01
2.634170854271356554e-01
2.633165829145728831e-01
2.621105527638191157e-01
2.617085427135678599e-01
2.617085427135678599e-01
2.617085427135678599e-01
2.615075376884422043e-01
2.614070351758793764e-01
2.610050251256281206e-01
2.608040201005025205e-01
2.606030150753768648e-01
2.605025125628140925e-01
2.605025125628140925e-01
2.593969849246230974e-01
2.593969849246230974e-01
2.590954773869346695e-01
2.589949748743718416e-01
2.588944723618090693e-01
2.587939698492462415e-01
2.587939698492462415e-01
2.583919597989949857e-01
2.583919597989949857e-01
2.579899497487437299e-01
2.576884422110553019e-01
2.576884422110553019e-01
2.576884422110553019e-01
2.576884422110553019e-01
2.574874371859296462e-01
2.571859296482412183e-01
2.570854271356783904e-01
2.560804020100502787e-01
2.560804020100502787e-01
2.558793969849246230e-01
2.557788944723617952e-01
2.557788944723617952e-01
2.554773869346733672e-01
2.543718592964824277e-01
2.543718592964824277e-01
2.542713567839195998e-01
2.539698492462311719e-01
2.537688442211055162e-01
2.536683417085426884e-01
2.533668341708542604e-01
2.530653266331658324e-01
2.529648241206030046e-01
2.528643216080401768e-01
2.528643216080401768e-01
2.526633165829145766e-01
2.526633165829145766e-01
2.522613065326633208e-01
2.503517587939698696e-01
2.501507537688442140e-01
2.498492462311557860e-01
2.496482412060301581e-01
2.494472361809045302e-01
2.478391959798995070e-01
2.472361809045226233e-01
2.469346733668341676e-01
2.468341708542713675e-01
2.467336683417085397e-01
2.462311557788944838e-01
2.459296482412060281e-01
2.457286432160804002e-01
2.456281407035176001e-01
2.450251256281407164e-01
2.443216080402010049e-01
2.441206030150753770e-01
2.438190954773869212e-01
2.437185929648241212e-01
2.436180904522612933e-01
2.435175879396984933e-01
2.433165829145728654e-01
2.432160804020100375e-01
2.423115577889447259e-01
2.422110552763818980e-01
2.415075376884422143e-01
2.414070351758793864e-01
2.409045226130653305e-01
2.401005025125628189e-01
2.401005025125628189e-01
2.393969849246231074e-01
2.392964824120603073e-01
2.389949748743718516e-01
2.388944723618090515e-01
2.387939698492462237e-01
2.385929648241205958e-01
2.384924623115577957e-01
2.384924623115577957e-01
2.382914572864321678e-01
2.382914572864321678e-01
2.376884422110552841e-01
2.375879396984924563e-01
2.356783919597990051e-01
2.355778894472361773e-01
2.355778894472361773e-01
2.355778894472361773e-01
2.352763819095477493e-01
2.351758793969849215e-01
2.346733668341708656e-01
2.346733668341708656e-01
2.346733668341708656e-01
2.342713567839196098e-01
2.341708542713567820e-01
2.340703517587939819e-01
2.338693467336683540e-01
2.338693467336683540e-01
2.333668341708542704e-01
2.332663316582914703e-01
2.330653266331658424e-01
2.324623115577889310e-01
2.323618090452261309e-01
2.305527638190954798e-01
2.302512562814070241e-01
2.300502512562813962e-01
2.281407035175879450e-01
2.279396984924623171e-01
2.278391959798994892e-01
2.278391959798994892e-01
2.278391959798994892e-01
2.271356783919598055e-01
2.268341708542713497e-01
2.264321608040200939e-01
2.260301507537688381e-01
2.257286432160804102e-01
2.257286432160804102e-01
2.255276381909547823e-01
2.255276381909547823e-01
2.249246231155778986e-01
2.249246231155778986e-01
2.245226130653266428e-01
2.234170854271356754e-01
2.233165829145728754e-01
2.231155778894472475e-01
2.231155778894472475e-01
2.230150753768844196e-01
2.228140703517587917e-01
2.225125628140703637e-01
2.224120603015075359e-01
2.224120603015075359e-01
2.223115577889447358e-01
2.218090452261306522e-01
2.217085427135678521e-01
2.216080402010050243e-01
2.212060301507537685e-01
2.209045226130653128e-01
2.208040201005025127e-01
2.208040201005025127e-01
2.208040201005025127e-01
2.208040201005025127e-01
2.192964824120602896e-01
2.192964824120602896e-01
2.190954773869346617e-01
2.184924623115577780e-01
2.177889447236180942e-01
2.177889447236180942e-01
2.177889447236180942e-01
2.176884422110552664e-01
2.175879396984924663e-01
2.174874371859296385e-01
2.173869346733668384e-01
2.172864321608040106e-01
2.172864321608040106e-01
2.167839195979899547e-01
2.160804020100502432e-01
2.159798994974874431e-01
2.159798994974874431e-01
2.159798994974874431e-01
2.158793969849246153e-01
2.151758793969849315e-01
2.151758793969849315e-01
2.151758793969849315e-01
2.150753768844221037e-01
2.144723618090452200e-01
2.136683417085427084e-01
2.131658291457286525e-01
2.125628140703517688e-01
2.124623115577889410e-01
2.123618090452261409e-01
2.119597989949748851e-01
2.119597989949748851e-01
2.119597989949748851e-01
2.119597989949748851e-01
2.114572864321608014e-01
2.114572864321608014e-01
2.111557788944723735e-01
2.109547738693467456e-01
2.108542713567839177e-01
2.107537688442211177e-01
2.098492462311557782e-01
2.094472361809045224e-01
2.093467336683417224e-01
2.092462311557788945e-01
2.092462311557788945e-01
2.092462311557788945e-01
2.086432160804020108e-01
2.079396984924622993e-01
2.078391959798994992e-01
2.076381909547738713e-01
2.076381909547738713e-01
2.074371859296482434e-01
2.074371859296482434e-01
2.074371859296482434e-01
2.072361809045226155e-01
2.070351758793969876e-01
2.069346733668341598e-01
2.069346733668341598e-01
2.065326633165829040e-01
2.057286432160803924e-01
2.054271356783919644e-01
2.042211055276381970e-01
2.039195979899497413e-01
2.039195979899497413e-01
2.037185929648241134e-01
2.037185929648241134e-01
2.034170854271356854e-01
2.032160804020100575e-01
2.031155778894472297e-01
2.025125628140703460e-01
2.023115577889447181e-01
2.022110552763819180e-01
2.020100502512562901e-01
2.018090452261306622e-01
2.018090452261306622e-01
2.016080402010050343e-01
2.015075376884422065e-01
2.008040201005025227e-01
2.007035175879396949e-01
2.006030150753768948e-01
1.998994974874371833e-01
1.995979899497487553e-01
1.994974874371859275e-01
1.994974874371859275e-01
1.991959798994974995e-01
1.985929648241206158e-01
1.983919597989949879e-01
1.982914572864321601e-01
1.982914572864321601e-01
1.972864321608040206e-01
1.972864321608040206e-01
1.965829145728643090e-01
1.959798994974874253e-01
1.959798994974874253e-01
1.959798994974874253e-01
1.949748743718592858e-01
1.940703517587939742e-01
1.934673366834170904e-01
1.934673366834170904e-01
1.930653266331658346e-01
1.930653266331658346e-01
1.929648241206030068e-01
1.928643216080402067e-01
1.925628140703517510e-01
1.921608040201004952e-01
1.917587939698492394e-01
1.912562814070351835e-01
1.907537688442210999e-01
1.907537688442210999e-01
1.904522613065326719e-01
1.900502512562814161e-01
1.894472361809045324e-01
1.891457286432160767e-01
1.874371859296482534e-01
1.863316582914572861e-01
1.862311557788944860e-01
1.859296482412060303e-01
1.855276381909547745e-01
1.850251256281406909e-01
1.848241206030150630e-01
1.841206030150753792e-01
1.839195979899497513e-01
1.829145728643216118e-01
1.823115577889447281e-01
1.822110552763819002e-01
1.819095477386934723e-01
1.819095477386934723e-01
1.803015075376884491e-01
1.796984924623115654e-01
1.789949748743718538e-01
1.788944723618090538e-01
1.787939698492462259e-01
1.785929648241205980e-01
1.769849246231155748e-01
1.768844221105527748e-01
1.766834170854271469e-01
1.757788944723618074e-01
1.750753768844221236e-01
1.745728643216080400e-01
1.741708542713567842e-01
1.740703517587939564e-01
1.736683417085427006e-01
1.735678391959799005e-01
1.730653266331658169e-01
1.709547738693467378e-01
1.708542713567839100e-01
1.705527638190954820e-01
1.698492462311557705e-01
1.688442211055276310e-01
1.688442211055276310e-01
1.687437185929648309e-01
1.687437185929648309e-01
1.686432160804020031e-01
1.678391959798994915e-01
1.667336683417085519e-01
1.665326633165829240e-01
1.662311557788944683e-01
1.656281407035175846e-01
1.656281407035175846e-01
1.653266331658291566e-01
1.648241206030150730e-01
1.647236180904522729e-01
1.642211055276381892e-01
1.638190954773869334e-01
1.638190954773869334e-01
1.633165829145728776e-01
1.633165829145728776e-01
1.633165829145728776e-01
1.632160804020100497e-01
1.625125628140703382e-01
1.613065326633165708e-01
1.591959798994974917e-01
1.591959798994974917e-01
1.587939698492462359e-01
1.578894472361808965e-01
1.572864321608040128e-01
1.566834170854271291e-01
1.557788944723618174e-01
1.551758793969849337e-01
1.543718592964824221e-01
1.540703517587939664e-01
1.540703517587939664e-01
1.540703517587939664e-01
1.534673366834170827e-01
1.527638190954773989e-01
1.525628140703517710e-01
1.490452261306532689e-01
1.490452261306532689e-01
1.469346733668341620e-01
1.469346733668341620e-01
1.462311557788944782e-01
1.461306532663316504e-01
1.455276381909547667e-01
1.450251256281407108e-01
1.442211055276381992e-01
1.442211055276381992e-01
1.441206030150753714e-01
1.438190954773869434e-01
1.425125628140703482e-01
1.421105527638190924e-01
1.421105527638190924e-01
1.420100502512562923e-01
1.418090452261306644e-01
1.400000000000000133e-01
1.398994974874371855e-01
1.395979899497487575e-01
1.389949748743718461e-01
1.378894472361809065e-01
1.370854271356783949e-01
1.368844221105527670e-01
1.365829145728643113e-01
1.360804020100502554e-01
1.360804020100502554e-01
1.360804020100502554e-01
1.360804020100502554e-01
1.350753768844221159e-01
1.349748743718592880e-01
1.336683417085427206e-01
1.326633165829145811e-01
1.306532663316583021e-01
1.305527638190954742e-01
1.305527638190954742e-01
1.300502512562814184e-01
1.293467336683417068e-01
1.293467336683417068e-01
1.265326633165829162e-01
1.257286432160804046e-01
1.257286432160804046e-01
1.249246231155778930e-01
1.244221105527638233e-01
1.232160804020100558e-01
1.226130653266331721e-01
1.214070351758793909e-01
1.204020100502512514e-01
1.202010050251256235e-01
1.202010050251256235e-01
1.185929648241206003e-01
1.182914572864321584e-01
1.167839195979899491e-01
1.157788944723618096e-01
1.156783919597989957e-01
1.142713567839196004e-01
1.130653266331658330e-01
1.125628140703517632e-01
1.122613065326633214e-01
1.117587939698492516e-01
1.101507537688442145e-01
1.091457286432160750e-01
1.087437185929648192e-01
1.084422110552763774e-01
1.083417085427135634e-01
1.071356783919597960e-01
1.071356783919597960e-01
1.071356783919597960e-01
1.061306532663316565e-01
1.050251256281407031e-01
1.028140703517587962e-01
1.014070351758794009e-01
1.012060301507537730e-01
1.011055276381909590e-01
1.005025125628140753e-01
1.004020100502512614e-01
1.001005025125628195e-01
9.969849246231156370e-02
9.879396984924622427e-02
9.859296482412059637e-02
9.688442211055275921e-02
9.658291457286431736e-02
9.658291457286431736e-02
9.557788944723617786e-02
9.517587939698492205e-02
9.517587939698492205e-02
9.386934673366834070e-02
9.336683417085427095e-02
9.195979899497487564e-02
9.195979899497487564e-02
9.095477386934673614e-02
9.075376884422110824e-02
9.035175879396985243e-02
9.035175879396985243e-02
8.994974874371859663e-02
8.894472361809045713e-02
8.824120603015075948e-02
8.743718592964824787e-02
8.743718592964824787e-02
8.663316582914572239e-02
8.532663316582914104e-02
8.472361809045225733e-02
8.462311557788944338e-02
8.391959798994974573e-02
8.341708542713567598e-02
8.331658291457286203e-02
8.120603015075376907e-02
8.040201005025125747e-02
7.989949748743718771e-02
7.969849246231155981e-02
7.718592964824121105e-02
7.698492462311558315e-02
7.557788944723617397e-02
7.437185929648240656e-02
7.306532663316582521e-02
7.145728643216080200e-02
7.115577889447236015e-02
7.085427135678391830e-02
7.045226130653266250e-02
6.743718592964824399e-02
6.673366834170854633e-02
6.512562814070352313e-02
6.472361809045226733e-02
6.251256281407034654e-02
6.170854271356784188e-02
6.160804020100502792e-02
6.130653266331658607e-02
6.080402010050250938e-02
5.949748743718592803e-02
5.939698492462311408e-02
5.859296482412060247e-02
5.748743718592964902e-02
5.678391959798995137e-02
5.618090452261306766e-02
5.547738693467337001e-02
5.497487437185929332e-02
5.417085427135678172e-02
5.306532663316582826e-02
5.276381909547738641e-02
5.105527638190954925e-02
4.793969849246230985e-02
4.633165829145728665e-02
4.613065326633165875e-02
4.532663316582914714e-02
4.442211055276382159e-02
4.281407035175879144e-02
4.020100502512562873e-02
3.979899497487437293e-02
3.638190954773869168e-02
3.517587939698492427e-02
3.175879396984924302e-02
2.944723618090452216e-02
2.904522613065326636e-02
2.753768844221105364e-02
2.733668341708542573e-02
2.733668341708542573e-02
2.613065326633165833e-02
2.351758793969849215e-02
2.341708542713567820e-02
2.341708542713567820e-02
2.321608040201005030e-02
2.311557788944723635e-02
2.311557788944723635e-02
2.211055276381909684e-02
2.201005025125628289e-02
2.170854271356783757e-02
2.150753768844220967e-02
2.150753768844220967e-02
2.150753768844220967e-02
2.110552763819095387e-02
2.010050251256281437e-02
1.929648241206030276e-02
1.889447236180904349e-02
1.819095477386934584e-02
1.809045226130653189e-02
1.788944723618090399e-02
1.668341708542713658e-02
1.638190954773869473e-02
1.608040201005025288e-02
1.417085427135678435e-02
1.417085427135678435e-02
1.256281407035175941e-02
1.256281407035175941e-02
1.065326633165829089e-02
1.065326633165829089e-02
1.065326633165829089e-02
1.025125628140703508e-02
9.949748743718593233e-03
8.844221105527638044e-03
8.844221105527638044e-03
8.743718592964824093e-03
8.743718592964824093e-03
8.743718592964824093e-03
7.839195979899496805e-03
7.839195979899496805e-03
7.738693467336683722e-03
7.437185929648241003e-03
7.437185929648241003e-03
7.437185929648241003e-03
7.437185929648241003e-03
6.633165829145728533e-03
6.532663316582914582e-03
6.331658291457286682e-03
6.331658291457286682e-03
6.331658291457286682e-03
6.331658291457286682e-03
6.331658291457286682e-03
4.924623115577889641e-03
4.924623115577889641e-03
4.924623115577889641e-03
4.824120603015075691e-03
4.522613065326632972e-03
4.522613065326632972e-03
4.522613065326632972e-03
4.522613065326632972e-03
4.522613065326632972e-03
4.422110552763819022e-03
4.422110552763819022e-03
2.512562814070351796e-03
2.311557788944723461e-03
2.311557788944723461e-03
2.311557788944723461e-03
2.311557788944723461e-03
2.311557788944723461e-03
2.311557788944723461e-03
2.311557788944723461e-03
2.311557788944723461e-03
2.010050251256281610e-03
1.005025125628140724e-04
0.000000000000000000e+00
0.000000000000000000e+00
