9.998994974874372277e-01
9.709547738693466989e-01
9.496482412060301970e-01
9.296482412060301792e-01
9.145728643216080034e-01
9.040201005025125802e-01
8.918592964824120228e-01
8.815075376884422553e-01
8.734673366834171393e-01
8.664321608040200795e-01
8.557788944723617730e-01
8.498492462311557638e-01
8.430150753768844707e-01
8.385929648241206014e-01
8.303517587939698297e-01
8.216080402010049744e-01
8.108542713567838955e-01
8.027135678391960072e-01
7.978894472361809376e-01
7.919597989949749284e-01
7.875376884422110590e-01
7.801005025125627990e-01
7.749748743718593014e-01
7.687437185929648642e-01
7.641206030150753392e-01
7.623115577889447714e-01
7.585929648241206413e-01
7.563819095477386512e-01
7.527638190954774045e-01
7.515577889447235815e-01
7.487437185929648464e-01
7.482412060301507628e-01
7.462311557788944283e-01
7.413065326633165864e-01
7.378894472361808843e-01
7.331658291457286980e-01
7.298492462311557682e-01
7.269346733668341498e-01
7.227135678391959361e-01
7.203015075376884013e-01
7.199999999999999734e-01
7.180904522613065222e-01
7.156783919597989874e-01
7.126633165829145966e-01
7.098492462311557505e-01
7.059296482412060758e-01
7.038190954773869690e-01
6.995979899497487553e-01
6.984924623115578157e-01
6.972864321608039928e-01
6.947738693467336857e-01
6.928643216080402345e-01
6.909547738693467833e-01
6.898492462311557327e-01
6.884422110552763652e-01
6.875376884422110813e-01
6.855276381909547467e-01
6.813065326633165331e-01
6.802010050251255935e-01
6.794974874371859652e-01
6.781909547738693700e-01
6.772864321608039750e-01
6.758793969849246075e-01
6.744723618090452399e-01
6.738693467336683840e-01
6.715577889447236215e-01
6.709547738693467656e-01
6.702512562814070263e-01
6.670351758793969799e-01
6.649246231155778730e-01
6.643216080402010171e-01
6.635175879396985055e-01
6.623115577889446826e-01
6.619095477386934823e-01
6.614070351758793986e-01
6.603015075376884591e-01
6.589949748743718638e-01
6.577889447236180409e-01
6.567839195979899847e-01
6.550753768844220781e-01
6.540703517587940219e-01
6.536683417085427106e-01
6.532663316582915103e-01
6.518592964824120317e-01
6.485427135678392130e-01
6.482412060301507850e-01
6.476381909547738180e-01
6.469346733668341898e-01
6.457286432160803669e-01
6.448241206030150829e-01
6.439195979899497990e-01
6.426130653266332038e-01
6.409045226130652972e-01
6.408040201005025249e-01
6.395979899497487020e-01
6.373869346733668229e-01
6.355778894472361440e-01
6.351758793969849437e-01
6.319597989949748973e-01
6.312562814070351580e-01
6.294472361809044791e-01
6.269346733668341720e-01
6.253266331658291488e-01
6.233165829145728143e-01
6.214070351758793631e-01
6.211055276381909351e-01
6.161809045226130932e-01
6.155778894472361262e-01
6.133668341708542471e-01
6.097487437185930004e-01
6.074371859296482379e-01
6.057286432160804424e-01
6.051256281407034754e-01
6.031155778894472519e-01
6.023115577889447403e-01
6.009045226130653727e-01
5.999999999999999778e-01
5.993969849246231218e-01
5.962814070351758478e-01
5.941708542713567409e-01
5.917587939698492061e-01
5.890452261306532433e-01
5.858291457286431969e-01
5.836180904522613178e-01
5.781909547738693922e-01
5.759798994974874020e-01
5.744723618090452621e-01
5.731658291457286669e-01
5.708542713567839044e-01
5.695477386934673092e-01
5.662311557788944905e-01
5.644221105527638116e-01
5.634170854271356443e-01
5.591959798994975417e-01
5.563819095477386956e-01
5.527638190954773378e-01
5.506532663316583420e-01
5.489447236180904355e-01
5.472361809045226400e-01
5.437185929648241656e-01
5.426130653266331150e-01
5.422110552763819147e-01
5.395979899497487242e-01
5.359798994974874775e-01
5.352763819095477382e-01
5.348743718592964269e-01
5.342713567839195710e-01
5.335678391959799427e-01
5.318592964824120362e-01
5.301507537688442406e-01
5.280402010050251338e-01
5.249246231155778597e-01
5.208040201005025294e-01
5.170854271356783993e-01
5.117587939698492461e-01
5.090452261306532833e-01
5.066331658291457485e-01
5.044221105527638693e-01
5.001005025125627723e-01
4.973869346733668095e-01
4.962814070351758700e-01
4.946733668341708468e-01
4.924623115577889676e-01
4.298492462311557794e-01
4.139698492462311474e-01
4.040201005025125802e-01
3.991959798994975106e-01
3.913567839195979947e-01
3.870351758793970087e-01
3.844221105527638183e-01
3.793969849246230930e-01
3.757788944723617908e-01
3.724623115577889720e-01
3.697487437185929537e-01
3.667336683417085630e-01
3.613065326633165819e-01
3.591959798994974751e-01
3.472361809045226289e-01
3.386934673366834292e-01
3.374874371859296618e-01
3.356783919597989829e-01
3.343718592964823877e-01
3.321608040201005085e-01
3.299497487437185739e-01
3.281407035175879505e-01
3.274371859296482667e-01
3.262311557788944993e-01
3.247236180904522485e-01
3.228140703517587973e-01
3.202010050251256068e-01
3.200000000000000067e-01
3.181909547738693278e-01
3.157788944723617930e-01
3.142713567839195976e-01
3.141708542713567698e-01
3.127638190954774022e-01
3.110552763819095512e-01
3.087437185929648442e-01
3.086432160804020164e-01
3.079396984924623326e-01
3.074371859296482490e-01
3.042211055276382026e-01
3.040201005025125469e-01
3.034170854271356910e-01
3.024120603015075237e-01
3.003015075376884169e-01
2.986934673366833937e-01
2.982914572864321379e-01
2.975879396984924541e-01
2.960804020100502587e-01
2.956783919597990029e-01
2.952763819095477471e-01
2.949748743718593191e-01
2.946733668341708356e-01
2.927638190954773845e-01
2.910552763819095334e-01
2.908542713567839333e-01
2.906532663316582776e-01
2.904522613065326775e-01
2.898492462311557660e-01
2.881407035175879150e-01
2.872361809045226311e-01
2.869346733668341476e-01
2.861306532663316360e-01
2.859296482412060358e-01
2.844221105527638405e-01
2.831155778894472452e-01
2.822110552763819058e-01
2.818090452261306500e-01
2.814070351758793942e-01
2.813065326633165664e-01
2.787939698492462037e-01
2.787939698492462037e-01
2.758793969849246408e-01
2.753768844221105572e-01
2.743718592964823899e-01
2.739698492462311341e-01
2.736683417085427061e-01
2.721608040201005108e-01
2.716582914572864271e-01
2.713567839195979992e-01
2.702512562814070596e-01
2.701507537688442318e-01
2.680402010050251249e-01
2.675376884422110413e-01
2.666331658291457019e-01
2.656281407035175901e-01
2.656281407035175901e-01
2.654271356783919344e-01
2.649246231155779063e-01
2.647236180904522507e-01
2.646231155778894228e-01
2.639195979899497391e-01
2.637185929648241389e-01
2.630150753768843996e-01
2.608040201005025205e-01
2.606030150753768648e-01
2.603015075376884369e-01
2.602010050251256090e-01
2.587939698492462415e-01
2.584924623115578135e-01
2.584924623115578135e-01
2.583919597989949857e-01
2.582914572864321578e-01
2.563819095477387067e-01
2.563819095477387067e-01
2.563819095477387067e-01
2.561809045226130510e-01
2.560804020100502787e-01
2.552763819095477116e-01
2.544723618090452000e-01
2.544723618090452000e-01
2.544723618090452000e-01
2.532663316582914326e-01
2.531658291457286603e-01
2.531658291457286603e-01
2.521608040201004930e-01
2.519597989949748928e-01
2.519597989949748928e-01
2.513567839195979814e-01
2.508542713567838978e-01
2.507537688442211254e-01
2.507537688442211254e-01
2.494472361809045302e-01
2.493467336683417024e-01
2.488442211055276465e-01
2.488442211055276465e-01
2.488442211055276465e-01
2.486432160804020186e-01
2.483417085427135629e-01
2.469346733668341676e-01
2.468341708542713675e-01
2.468341708542713675e-01
2.467336683417085397e-01
2.467336683417085397e-01
2.467336683417085397e-01
2.466331658291457396e-01
2.466331658291457396e-01
2.461306532663316560e-01
2.452261306532663443e-01
2.448241206030150885e-01
2.447236180904522607e-01
2.446231155778894606e-01
2.442211055276382048e-01
2.435175879396984933e-01
2.423115577889447259e-01
2.420100502512562701e-01
2.420100502512562701e-01
2.419095477386934701e-01
2.418090452261306422e-01
2.418090452261306422e-01
2.418090452261306422e-01
2.411055276381909585e-01
2.410050251256281306e-01
2.410050251256281306e-01
2.403015075376884468e-01
2.402010050251256190e-01
2.402010050251256190e-01
2.397989949748743632e-01
2.397989949748743632e-01
2.397989949748743632e-01
2.386934673366834236e-01
2.380904522613065399e-01
2.379899497487437121e-01
2.379899497487437121e-01
2.376884422110552841e-01
2.376884422110552841e-01
2.376884422110552841e-01
2.376884422110552841e-01
2.374874371859296562e-01
2.374874371859296562e-01
2.374874371859296562e-01
2.373869346733668284e-01
2.373869346733668284e-01
2.363819095477386889e-01
2.359798994974874331e-01
2.359798994974874331e-01
2.358793969849246330e-01
2.357788944723618052e-01
2.352763819095477493e-01
2.348743718592964935e-01
2.347738693467336657e-01
2.347738693467336657e-01
2.346733668341708656e-01
2.344723618090452377e-01
2.342713567839196098e-01
2.342713567839196098e-01
2.341708542713567820e-01
2.341708542713567820e-01
2.341708542713567820e-01
2.340703517587939819e-01
2.336683417085427261e-01
2.331658291457286425e-01
2.331658291457286425e-01
2.331658291457286425e-01
2.326633165829145866e-01
2.326633165829145866e-01
2.324623115577889310e-01
2.324623115577889310e-01
2.324623115577889310e-01
2.321608040201005030e-01
2.321608040201005030e-01
2.321608040201005030e-01
2.313567839195979914e-01
2.313567839195979914e-01
2.313567839195979914e-01
2.298492462311557682e-01
2.298492462311557682e-01
2.298492462311557682e-01
2.297487437185929682e-01
2.294472361809045124e-01
2.294472361809045124e-01
2.294472361809045124e-01
2.294472361809045124e-01
2.294472361809045124e-01
2.293467336683417124e-01
2.292462311557788845e-01
2.292462311557788845e-01
2.288442211055276287e-01
2.285427135678392008e-01
2.285427135678392008e-01
2.284422110552763729e-01
2.284422110552763729e-01
2.283417085427135729e-01
2.282412060301507450e-01
2.282412060301507450e-01
2.281407035175879450e-01
2.281407035175879450e-01
2.281407035175879450e-01
2.281407035175879450e-01
2.281407035175879450e-01
2.272361809045226055e-01
2.272361809045226055e-01
2.272361809045226055e-01
2.263316582914572939e-01
2.263316582914572939e-01
2.258291457286432102e-01
2.257286432160804102e-01
2.256281407035175823e-01
2.256281407035175823e-01
2.256281407035175823e-01
2.256281407035175823e-01
2.255276381909547823e-01
2.254271356783919544e-01
2.254271356783919544e-01
2.242211055276381870e-01
2.242211055276381870e-01
2.242211055276381870e-01
2.242211055276381870e-01
2.242211055276381870e-01
2.242211055276381870e-01
2.241206030150753870e-01
2.241206030150753870e-01
2.240201005025125591e-01
2.240201005025125591e-01
2.240201005025125591e-01
2.240201005025125591e-01
2.239195979899497591e-01
2.239195979899497591e-01
2.237185929648241312e-01
2.232160804020100475e-01
2.231155778894472475e-01
2.231155778894472475e-01
2.231155778894472475e-01
2.231155778894472475e-01
2.229145728643216195e-01
2.229145728643216195e-01
2.229145728643216195e-01
2.229145728643216195e-01
2.229145728643216195e-01
2.224120603015075359e-01
2.224120603015075359e-01
2.222110552763819080e-01
2.220100502512562801e-01
2.220100502512562801e-01
2.219095477386934800e-01
2.219095477386934800e-01
2.219095477386934800e-01
2.211055276381909684e-01
2.211055276381909684e-01
2.210050251256281406e-01
2.208040201005025127e-01
2.208040201005025127e-01
2.208040201005025127e-01
2.208040201005025127e-01
2.208040201005025127e-01
2.208040201005025127e-01
2.203015075376884291e-01
2.198994974874371733e-01
2.191959798994974895e-01
2.191959798994974895e-01
2.190954773869346617e-01
2.190954773869346617e-01
2.190954773869346617e-01
2.190954773869346617e-01
2.190954773869346617e-01
2.182914572864321501e-01
2.176884422110552664e-01
2.176884422110552664e-01
2.176884422110552664e-01
2.175879396984924663e-01
2.170854271356783827e-01
2.170854271356783827e-01
2.168844221105527548e-01
2.168844221105527548e-01
2.167839195979899547e-01
2.160804020100502432e-01
2.149748743718593036e-01
2.149748743718593036e-01
2.149748743718593036e-01
2.144723618090452200e-01
2.144723618090452200e-01
2.143718592964824199e-01
2.143718592964824199e-01
2.143718592964824199e-01
2.140703517587939642e-01
2.140703517587939642e-01
2.140703517587939642e-01
2.130653266331658247e-01
2.127638190954773967e-01
2.126633165829145689e-01
2.122613065326633131e-01
2.122613065326633131e-01
2.122613065326633131e-01
2.122613065326633131e-01
2.121608040201005130e-01
2.121608040201005130e-01
2.121608040201005130e-01
2.121608040201005130e-01
2.121608040201005130e-01
2.112562814070351735e-01
2.109547738693467456e-01
2.108542713567839177e-01
2.107537688442211177e-01
2.107537688442211177e-01
2.107537688442211177e-01
2.107537688442211177e-01
2.107537688442211177e-01
2.106532663316582898e-01
2.105527638190954898e-01
2.097487437185929782e-01
2.097487437185929782e-01
2.093467336683417224e-01
2.093467336683417224e-01
2.092462311557788945e-01
2.091457286432160667e-01
2.091457286432160667e-01
2.091457286432160667e-01
2.091457286432160667e-01
2.088442211055276387e-01
2.084422110552763829e-01
2.084422110552763829e-01
2.075376884422110435e-01
2.075376884422110435e-01
2.071356783919597877e-01
2.071356783919597877e-01
2.071356783919597877e-01
2.071356783919597877e-01
2.071356783919597877e-01
2.071356783919597877e-01
2.069346733668341598e-01
2.068341708542713597e-01
2.068341708542713597e-01
2.067336683417085319e-01
2.052261306532663365e-01
2.052261306532663365e-01
2.052261306532663365e-01
2.048241206030150807e-01
2.047236180904522529e-01
2.047236180904522529e-01
2.047236180904522529e-01
2.047236180904522529e-01
2.046231155778894528e-01
2.045226130653266250e-01
2.045226130653266250e-01
2.045226130653266250e-01
2.044221105527638249e-01
2.038190954773869412e-01
2.007035175879396949e-01
2.003015075376884391e-01
2.002010050251256390e-01
2.002010050251256390e-01
1.988944723618090438e-01
1.988944723618090438e-01
1.987939698492462437e-01
1.987939698492462437e-01
1.987939698492462437e-01
1.987939698492462437e-01
1.987939698492462437e-01
1.987939698492462437e-01
1.987939698492462437e-01
1.971859296482411927e-01
1.964824120603015090e-01
1.962814070351758811e-01
1.959798994974874253e-01
1.957788944723617974e-01
1.953768844221105416e-01
1.948743718592964858e-01
1.947738693467336579e-01
1.946733668341708579e-01
1.946733668341708579e-01
1.944723618090452300e-01
1.943718592964824021e-01
1.941708542713567742e-01
1.940703517587939742e-01
1.929648241206030068e-01
1.928643216080402067e-01
1.922613065326633230e-01
1.920603015075376951e-01
1.920603015075376951e-01
1.918592964824120672e-01
1.910552763819095556e-01
1.908542713567839277e-01
1.907537688442210999e-01
1.903517587939698441e-01
1.897487437185929604e-01
1.894472361809045324e-01
1.890452261306532766e-01
1.880402010050251371e-01
1.875376884422110535e-01
1.867336683417085419e-01
1.866331658291457418e-01
1.863316582914572861e-01
1.856281407035175746e-01
1.853266331658291466e-01
1.853266331658291466e-01
1.842211055276381793e-01
1.840201005025125514e-01
1.838190954773869235e-01
1.833165829145728676e-01
1.833165829145728676e-01
1.833165829145728676e-01
1.832160804020100398e-01
1.832160804020100398e-01
1.817085427135678444e-01
1.797989949748743654e-01
1.790954773869346817e-01
1.785929648241205980e-01
1.780904522613065422e-01
1.778894472361809143e-01
1.774874371859296585e-01
1.770854271356784027e-01
1.768844221105527748e-01
1.767839195979899469e-01
1.761809045226130632e-01
1.761809045226130632e-01
1.760804020100502632e-01
1.759798994974874353e-01
1.756783919597990073e-01
1.744723618090452399e-01
1.737688442211055284e-01
1.732663316582914448e-01
1.731658291457286447e-01
1.729648241206030168e-01
1.725628140703517610e-01
1.724623115577889332e-01
1.719597989949748773e-01
1.715577889447236215e-01
1.714572864321607937e-01
1.713567839195979936e-01
1.709547738693467378e-01
1.708542713567839100e-01
1.706532663316582821e-01
1.699497487437185983e-01
1.692462311557788868e-01
1.691457286432160867e-01
1.687437185929648309e-01
1.684422110552763752e-01
1.683417085427135751e-01
1.672361809045226078e-01
1.672361809045226078e-01
1.670351758793969799e-01
1.667336683417085519e-01
1.666331658291457241e-01
1.664321608040200962e-01
1.662311557788944683e-01
1.658291457286432125e-01
1.656281407035175846e-01
1.656281407035175846e-01
1.652261306532663288e-01
1.647236180904522729e-01
1.647236180904522729e-01
1.645226130653266450e-01
1.638190954773869334e-01
1.638190954773869334e-01
1.637185929648241334e-01
1.632160804020100497e-01
1.624120603015075381e-01
1.620100502512562823e-01
1.620100502512562823e-01
1.620100502512562823e-01
1.617085427135678266e-01
1.617085427135678266e-01
1.616080402010050265e-01
1.613065326633165708e-01
1.607035175879396871e-01
1.606030150753768870e-01
1.600000000000000033e-01
1.600000000000000033e-01
1.598994974874371755e-01
1.597989949748743754e-01
1.596984924623115476e-01
1.589949748743718638e-01
1.589949748743718638e-01
1.584924623115577802e-01
1.583919597989949801e-01
1.579899497487437243e-01
1.577889447236180964e-01
1.572864321608040128e-01
1.571859296482412127e-01
1.568844221105527570e-01
1.566834170854271291e-01
1.566834170854271291e-01
1.566834170854271291e-01
1.554773869346733617e-01
1.552763819095477338e-01
1.545728643216080500e-01
1.542713567839195943e-01
1.541708542713567942e-01
1.528643216080401990e-01
1.520603015075376874e-01
1.518592964824120595e-01
1.509547738693467200e-01
1.508542713567839200e-01
1.505527638190954642e-01
1.504522613065326642e-01
1.497487437185929526e-01
1.496482412060301526e-01
1.494472361809045247e-01
1.492462311557788968e-01
1.490452261306532689e-01
1.490452261306532689e-01
1.488442211055276410e-01
1.485427135678391852e-01
1.481407035175879294e-01
1.479396984924623015e-01
1.476381909547738736e-01
1.475376884422110457e-01
1.465326633165829062e-01
1.457286432160803946e-01
1.457286432160803946e-01
1.457286432160803946e-01
1.455276381909547667e-01
1.446231155778894550e-01
1.443216080402009993e-01
1.435175879396984877e-01
1.429145728643216040e-01
1.429145728643216040e-01
1.426130653266331760e-01
1.424120603015075481e-01
1.423115577889447203e-01
1.420100502512562923e-01
1.420100502512562923e-01
1.413065326633165808e-01
1.411055276381909529e-01
1.405025125628140692e-01
1.397989949748743854e-01
1.397989949748743854e-01
1.396984924623115576e-01
1.386934673366834181e-01
1.385929648241205903e-01
1.385929648241205903e-01
1.381909547738693345e-01
1.379899497487437066e-01
1.376884422110552786e-01
1.369849246231155671e-01
1.369849246231155671e-01
1.369849246231155671e-01
1.363819095477386834e-01
1.361809045226130555e-01
1.360804020100502554e-01
1.360804020100502554e-01
1.360804020100502554e-01
1.358793969849246275e-01
1.357788944723617997e-01
1.355778894472361717e-01
1.348743718592964880e-01
1.337688442211055206e-01
1.335678391959798927e-01
1.332663316582914648e-01
1.325628140703517532e-01
1.320603015075376974e-01
1.313567839195979858e-01
1.310552763819095579e-01
1.308542713567839300e-01
1.306532663316583021e-01
1.295477386934673347e-01
1.295477386934673347e-01
1.292462311557789068e-01
1.280402010050251393e-01
1.280402010050251393e-01
1.273366834170854278e-01
1.272361809045226000e-01
1.272361809045226000e-01
1.267336683417085441e-01
1.241206030150753814e-01
1.239195979899497535e-01
1.224120603015075442e-01
1.222110552763819163e-01
1.221105527638191024e-01
1.221105527638191024e-01
1.220100502512562746e-01
1.217085427135678327e-01
1.217085427135678327e-01
1.215075376884422048e-01
1.207035175879396932e-01
1.206030150753768793e-01
1.195979899497487398e-01
1.188944723618090421e-01
1.178894472361809026e-01
1.177889447236180887e-01
1.177889447236180887e-01
1.177889447236180887e-01
1.172864321608040189e-01
1.163819095477386933e-01
1.155778894472361817e-01
1.153768844221105538e-01
1.143718592964824143e-01
1.143718592964824143e-01
1.141708542713567864e-01
1.138693467336683446e-01
1.135678391959799027e-01
1.134673366834170888e-01
1.134673366834170888e-01
1.134673366834170888e-01
1.125628140703517632e-01
1.122613065326633214e-01
1.121608040201005074e-01
1.120603015075376935e-01
1.109547738693467400e-01
1.102512562814070285e-01
1.101507537688442145e-01
1.101507537688442145e-01
1.087437185929648192e-01
1.077386934673366797e-01
1.073366834170854239e-01
1.069346733668341681e-01
1.068341708542713542e-01
1.067336683417085402e-01
1.065326633165829123e-01
1.065326633165829123e-01
1.056281407035175868e-01
1.056281407035175868e-01
1.052261306532663310e-01
1.047236180904522612e-01
1.043216080402010054e-01
1.041206030150753775e-01
1.038190954773869357e-01
1.033165829145728659e-01
1.028140703517587962e-01
1.028140703517587962e-01
1.028140703517587962e-01
1.020100502512562846e-01
1.019095477386934706e-01
1.001005025125628195e-01
9.979899497487437765e-02
9.849246231155778242e-02
9.829145728643215452e-02
9.738693467336682896e-02
9.688442211055275921e-02
9.668341708542713131e-02
9.668341708542713131e-02
9.668341708542713131e-02
9.597989949748743366e-02
9.407035175879396860e-02
9.386934673366834070e-02
9.366834170854271280e-02
9.286432160804020119e-02
9.266331658291457329e-02
9.206030150753768959e-02
9.145728643216080589e-02
9.005025125628141058e-02
8.944723618090452688e-02
8.944723618090452688e-02
8.753768844221106182e-02
8.693467336683416424e-02
8.663316582914572239e-02
8.633165829145728054e-02
8.572864321608039684e-02
8.472361809045225733e-02
8.381909547738693178e-02
8.301507537688442018e-02
8.241206030150753648e-02
8.201005025125628067e-02
8.201005025125628067e-02
8.170854271356783882e-02
8.100502512562814117e-02
8.070351758793969932e-02
8.000000000000000167e-02
7.969849246231155981e-02
7.909547738693467611e-02
7.809045226130653661e-02
7.668341708542714130e-02
7.618090452261307155e-02
7.587939698492462970e-02
7.447236180904522052e-02
7.316582914572863916e-02
7.296482412060301126e-02
7.286432160804019731e-02
7.135678391959798805e-02
7.125628140703517410e-02
7.115577889447236015e-02
7.105527638190954620e-02
7.085427135678391830e-02
6.994974874371859275e-02
6.793969849246231374e-02
6.663316582914573238e-02
6.653266331658291843e-02
6.633165829145729053e-02
6.542713567839196498e-02
6.442211055276382548e-02
6.331658291457285814e-02
6.291457286432160234e-02
6.291457286432160234e-02
6.190954773869346978e-02
6.160804020100502792e-02
6.160804020100502792e-02
6.100502512562813728e-02
6.010050251256281173e-02
5.859296482412060247e-02
5.788944723618090482e-02
5.718592964824120717e-02
5.638190954773869557e-02
5.597989949748743976e-02
5.467336683417085147e-02
5.407035175879396777e-02
5.286432160804020036e-02
5.276381909547738641e-02
5.236180904522613061e-02
5.125628140703517716e-02
4.984924623115578185e-02
4.783919597989949590e-02
4.643216080402010060e-02
4.592964824120603085e-02
4.542713567839196109e-02
4.432160804020100764e-02
4.211055276381909379e-02
4.120603015075376824e-02
3.879396984924623343e-02
3.859296482412060553e-02
3.788944723618090787e-02
3.648241206030150563e-02
3.547738693467336613e-02
3.457286432160804057e-02
3.336683417085427317e-02
3.216080402010050576e-02
3.135678391959798722e-02
3.015075376884421982e-02
2.783919597989949896e-02
2.683417085427135598e-02
2.381909547738693400e-02
2.251256281407035265e-02
2.120603015075376782e-02
1.939698492462311671e-02
1.608040201005025288e-02
1.396984924623115645e-02
1.185929648241206003e-02
1.135678391959799027e-02
1.015075376884422113e-02
8.341708542713568292e-03
8.341708542713568292e-03
7.839195979899496805e-03
7.738693467336683722e-03
7.638190954773869772e-03
6.934673366834171251e-03
6.733668341708542483e-03
6.532663316582914582e-03
6.130653266331657913e-03
5.728643216080402112e-03
4.221105527638191121e-03
3.919597989949748403e-03
3.819095477386934886e-03
3.216080402010050316e-03
3.216080402010050316e-03
2.814070351758794081e-03
2.613065326633165746e-03
2.512562814070351796e-03
2.512562814070351796e-03
2.512562814070351796e-03
2.512562814070351796e-03
2.512562814070351796e-03
2.512562814070351796e-03
2.512562814070351796e-03
2.512562814070351796e-03
2.512562814070351796e-03
2.512562814070351796e-03
2.211055276381909511e-03
1.909547738693467443e-03
1.809045226130653276e-03
1.809045226130653276e-03
1.809045226130653276e-03
1.608040201005025158e-03
1.608040201005025158e-03
1.306532663316582873e-03
1.306532663316582873e-03
1.306532663316582873e-03
1.306532663316582873e-03
1.306532663316582873e-03
1.306532663316582873e-03
1.306532663316582873e-03
1.306532663316582873e-03
1.306532663316582873e-03
1.306532663316582873e-03
1.306532663316582873e-03
1.306532663316582873e-03
1.306532663316582873e-03
1.306532663316582873e-03
1.306532663316582873e-03
1.206030150753768923e-03
1.206030150753768923e-03
1.206030150753768923e-03
1.206030150753768923e-03
1.206030150753768923e-03
8.040201005025125790e-04
8.040201005025125790e-04
8.040201005025125790e-04
8.040201005025125790e-04
6.030150753768844614e-04
6.030150753768844614e-04
6.030150753768844614e-04
6.030150753768844614e-04
6.030150753768844614e-04
6.030150753768844614e-04
6.030150753768844614e-04
6.030150753768844614e-04
5.025125628140704025e-04
3.015075376884422307e-04
3.015075376884422307e-04
3.015075376884422307e-04
3.015075376884422307e-04
3.015075376884422307e-04
3.015075376884422307e-04
3.015075376884422307e-04
1.005025125628140724e-04
1.005025125628140724e-04
1.005025125628140724e-04
0.000000000000000000e+00
0.000000000000000000e+00
0.000000000000000000e+00
0.000000000000000000e+00
