1.000000000000000000e+00
9.955131800336511905e-01
9.949523275378575615e-01
9.943914750420639326e-01
9.932697700504766747e-01
9.915872125630958989e-01
9.910263600673022699e-01
9.910263600673022699e-01
9.899046550757151230e-01
9.899046550757151230e-01
9.899046550757151230e-01
9.899046550757151230e-01
9.899046550757151230e-01
9.887829500841278652e-01
9.882220975883342362e-01
9.871003925967470893e-01
9.865395401009534604e-01
9.865395401009534604e-01
9.859786876051598314e-01
9.859786876051598314e-01
9.859786876051598314e-01
9.859786876051598314e-01
9.859786876051598314e-01
9.859786876051598314e-01
9.859786876051598314e-01
9.859786876051598314e-01
9.859786876051598314e-01
9.859786876051598314e-01
9.854178351093662025e-01
9.854178351093662025e-01
9.854178351093662025e-01
9.854178351093662025e-01
9.854178351093662025e-01
9.854178351093662025e-01
9.854178351093662025e-01
9.854178351093662025e-01
9.854178351093662025e-01
9.854178351093662025e-01
9.848569826135726846e-01
9.848569826135726846e-01
9.848569826135726846e-01
9.842961301177790556e-01
9.842961301177790556e-01
9.831744251261917977e-01
9.809310151430173930e-01
9.803701626472237640e-01
9.803701626472237640e-01
9.803701626472237640e-01
9.803701626472237640e-01
9.803701626472237640e-01
9.798093101514301351e-01
9.786876051598429882e-01
9.786876051598429882e-01
9.786876051598429882e-01
9.786876051598429882e-01
9.786876051598429882e-01
9.786876051598429882e-01
9.786876051598429882e-01
9.775659001682557303e-01
9.775659001682557303e-01
9.775659001682557303e-01
9.775659001682557303e-01
9.775659001682557303e-01
9.770050476724621014e-01
9.770050476724621014e-01
9.764441951766685834e-01
9.764441951766685834e-01
9.764441951766685834e-01
9.764441951766685834e-01
9.764441951766685834e-01
9.753224901850813255e-01
9.753224901850813255e-01
9.753224901850813255e-01
9.753224901850813255e-01
9.753224901850813255e-01
9.753224901850813255e-01
9.753224901850813255e-01
9.753224901850813255e-01
9.753224901850813255e-01
9.747616376892876966e-01
9.747616376892876966e-01
9.747616376892876966e-01
9.747616376892876966e-01
9.742007851934940676e-01
9.742007851934940676e-01
9.742007851934940676e-01
9.736399326977005497e-01
9.736399326977005497e-01
9.736399326977005497e-01
9.736399326977005497e-01
9.736399326977005497e-01
9.736399326977005497e-01
9.736399326977005497e-01
9.736399326977005497e-01
9.736399326977005497e-01
9.725182277061132918e-01
9.725182277061132918e-01
9.725182277061132918e-01
9.719573752103196629e-01
9.719573752103196629e-01
9.708356702187325160e-01
9.702748177229388871e-01
9.702748177229388871e-01
9.697139652271452581e-01
9.691531127313516292e-01
9.691531127313516292e-01
9.674705552439708534e-01
9.674705552439708534e-01
9.674705552439708534e-01
9.669097027481772244e-01
9.669097027481772244e-01
9.669097027481772244e-01
9.669097027481772244e-01
9.669097027481772244e-01
9.669097027481772244e-01
9.669097027481772244e-01
9.663488502523835955e-01
9.663488502523835955e-01
9.652271452607964486e-01
9.652271452607964486e-01
9.652271452607964486e-01
9.652271452607964486e-01
9.652271452607964486e-01
9.652271452607964486e-01
9.652271452607964486e-01
9.652271452607964486e-01
9.652271452607964486e-01
9.652271452607964486e-01
9.652271452607964486e-01
9.652271452607964486e-01
9.641054402692091907e-01
9.641054402692091907e-01
9.641054402692091907e-01
9.641054402692091907e-01
9.641054402692091907e-01
9.641054402692091907e-01
9.641054402692091907e-01
9.641054402692091907e-01
9.641054402692091907e-01
9.635445877734155617e-01
9.635445877734155617e-01
9.635445877734155617e-01
9.635445877734155617e-01
9.635445877734155617e-01
9.635445877734155617e-01
9.635445877734155617e-01
9.635445877734155617e-01
9.629837352776219328e-01
9.629837352776219328e-01
9.629837352776219328e-01
9.629837352776219328e-01
9.629837352776219328e-01
9.629837352776219328e-01
9.629837352776219328e-01
9.624228827818284149e-01
9.624228827818284149e-01
9.624228827818284149e-01
9.624228827818284149e-01
9.624228827818284149e-01
9.624228827818284149e-01
9.624228827818284149e-01
9.624228827818284149e-01
9.624228827818284149e-01
9.624228827818284149e-01
9.618620302860347859e-01
9.618620302860347859e-01
9.607403252944475280e-01
9.607403252944475280e-01
9.596186203028603812e-01
9.584969153112731233e-01
9.573752103196859764e-01
9.573752103196859764e-01
9.562535053280987185e-01
9.551318003365114606e-01
9.545709478407179427e-01
9.545709478407179427e-01
9.534492428491306848e-01
9.534492428491306848e-01
8.816601233875490662e-01
8.816601233875490662e-01
8.816601233875490662e-01
8.816601233875490662e-01
8.816601233875490662e-01
8.805384183959618083e-01
8.805384183959618083e-01
8.799775659001682904e-01
8.782950084127874035e-01
8.782950084127874035e-01
8.782950084127874035e-01
8.782950084127874035e-01
8.782950084127874035e-01
8.782950084127874035e-01
8.782950084127874035e-01
8.771733034212002567e-01
8.766124509254066277e-01
8.766124509254066277e-01
8.766124509254066277e-01
8.766124509254066277e-01
8.766124509254066277e-01
8.760515984296129988e-01
8.760515984296129988e-01
8.754907459338193698e-01
8.754907459338193698e-01
8.754907459338193698e-01
8.754907459338193698e-01
8.754907459338193698e-01
8.749298934380258519e-01
8.749298934380258519e-01
8.749298934380258519e-01
8.704430734716769313e-01
8.704430734716769313e-01
8.704430734716769313e-01
8.693213684800897845e-01
8.693213684800897845e-01
8.693213684800897845e-01
8.687605159842961555e-01
8.687605159842961555e-01
8.687605159842961555e-01
8.687605159842961555e-01
8.676388109927088976e-01
8.676388109927088976e-01
8.676388109927088976e-01
8.676388109927088976e-01
8.676388109927088976e-01
8.665171060011217508e-01
8.665171060011217508e-01
8.665171060011217508e-01
8.637128435221537170e-01
8.637128435221537170e-01
8.637128435221537170e-01
8.637128435221537170e-01
8.637128435221537170e-01
8.637128435221537170e-01
8.631519910263600881e-01
8.631519910263600881e-01
8.631519910263600881e-01
8.631519910263600881e-01
8.631519910263600881e-01
8.625911385305664592e-01
8.625911385305664592e-01
8.625911385305664592e-01
8.625911385305664592e-01
8.625911385305664592e-01
8.625911385305664592e-01
8.625911385305664592e-01
8.558609085810431338e-01
8.558609085810431338e-01
8.553000560852496159e-01
8.553000560852496159e-01
8.553000560852496159e-01
8.553000560852496159e-01
8.553000560852496159e-01
8.480089736399326616e-01
8.480089736399326616e-01
8.480089736399326616e-01
8.480089736399326616e-01
8.480089736399326616e-01
8.480089736399326616e-01
8.480089736399326616e-01
8.480089736399326616e-01
8.373527762198541557e-01
8.373527762198541557e-01
8.373527762198541557e-01
8.373527762198541557e-01
8.373527762198541557e-01
8.373527762198541557e-01
8.373527762198541557e-01
8.373527762198541557e-01
8.351093662366797510e-01
8.351093662366797510e-01
8.351093662366797510e-01
8.351093662366797510e-01
8.351093662366797510e-01
8.351093662366797510e-01
8.351093662366797510e-01
8.351093662366797510e-01
8.351093662366797510e-01
8.283791362871564257e-01
8.283791362871564257e-01
8.278182837913629077e-01
8.278182837913629077e-01
8.278182837913629077e-01
8.278182837913629077e-01
8.278182837913629077e-01
8.278182837913629077e-01
8.278182837913629077e-01
8.278182837913629077e-01
8.278182837913629077e-01
8.222097588334268403e-01
8.222097588334268403e-01
8.222097588334268403e-01
8.222097588334268403e-01
8.222097588334268403e-01
8.222097588334268403e-01
8.222097588334268403e-01
8.222097588334268403e-01
8.222097588334268403e-01
8.216489063376332114e-01
8.216489063376332114e-01
8.216489063376332114e-01
8.216489063376332114e-01
8.143578238923163681e-01
8.143578238923163681e-01
8.143578238923163681e-01
8.143578238923163681e-01
8.143578238923163681e-01
8.143578238923163681e-01
8.143578238923163681e-01
8.143578238923163681e-01
8.137969713965227392e-01
8.137969713965227392e-01
8.137969713965227392e-01
8.137969713965227392e-01
8.137969713965227392e-01
8.137969713965227392e-01
8.093101514301738186e-01
8.093101514301738186e-01
8.093101514301738186e-01
8.093101514301738186e-01
8.093101514301738186e-01
8.087492989343803007e-01
8.087492989343803007e-01
8.087492989343803007e-01
8.087492989343803007e-01
8.087492989343803007e-01
8.087492989343803007e-01
8.087492989343803007e-01
8.087492989343803007e-01
8.087492989343803007e-01
8.087492989343803007e-01
8.087492989343803007e-01
8.008973639932697175e-01
8.008973639932697175e-01
8.008973639932697175e-01
8.008973639932697175e-01
8.008973639932697175e-01
8.008973639932697175e-01
8.008973639932697175e-01
8.008973639932697175e-01
8.003365114974761996e-01
8.003365114974761996e-01
8.003365114974761996e-01
8.003365114974761996e-01
8.003365114974761996e-01
8.003365114974761996e-01
8.003365114974761996e-01
8.003365114974761996e-01
8.003365114974761996e-01
8.003365114974761996e-01
8.003365114974761996e-01
7.863151991026360310e-01
7.863151991026360310e-01
7.863151991026360310e-01
7.863151991026360310e-01
7.863151991026360310e-01
7.863151991026360310e-01
7.863151991026360310e-01
7.863151991026360310e-01
7.863151991026360310e-01
7.863151991026360310e-01
7.863151991026360310e-01
7.863151991026360310e-01
7.863151991026360310e-01
7.863151991026360310e-01
7.863151991026360310e-01
7.851934941110487731e-01
7.846326416152551442e-01
7.846326416152551442e-01
7.846326416152551442e-01
7.846326416152551442e-01
7.846326416152551442e-01
7.829500841278743684e-01
7.829500841278743684e-01
7.829500841278743684e-01
7.829500841278743684e-01
7.829500841278743684e-01
7.829500841278743684e-01
7.829500841278743684e-01
7.829500841278743684e-01
7.829500841278743684e-01
7.829500841278743684e-01
7.829500841278743684e-01
7.829500841278743684e-01
7.829500841278743684e-01
7.829500841278743684e-01
7.829500841278743684e-01
7.829500841278743684e-01
7.829500841278743684e-01
7.829500841278743684e-01
7.829500841278743684e-01
7.829500841278743684e-01
7.829500841278743684e-01
7.829500841278743684e-01
7.829500841278743684e-01
7.829500841278743684e-01
7.829500841278743684e-01
7.750981491867638962e-01
7.750981491867638962e-01
7.750981491867638962e-01
7.750981491867638962e-01
7.750981491867638962e-01
7.750981491867638962e-01
7.750981491867638962e-01
7.750981491867638962e-01
7.750981491867638962e-01
7.750981491867638962e-01
7.750981491867638962e-01
7.750981491867638962e-01
7.750981491867638962e-01
7.750981491867638962e-01
7.750981491867638962e-01
7.750981491867638962e-01
7.750981491867638962e-01
7.750981491867638962e-01
7.750981491867638962e-01
7.750981491867638962e-01
7.750981491867638962e-01
7.750981491867638962e-01
7.750981491867638962e-01
7.750981491867638962e-01
7.750981491867638962e-01
7.750981491867638962e-01
7.750981491867638962e-01
7.750981491867638962e-01
7.750981491867638962e-01
7.487380818844643349e-01
7.487380818844643349e-01
7.487380818844643349e-01
7.487380818844643349e-01
7.487380818844643349e-01
7.487380818844643349e-01
7.487380818844643349e-01
7.481772293886708169e-01
7.481772293886708169e-01
7.481772293886708169e-01
7.481772293886708169e-01
7.481772293886708169e-01
7.481772293886708169e-01
7.481772293886708169e-01
7.476163768928771880e-01
7.476163768928771880e-01
7.476163768928771880e-01
7.476163768928771880e-01
7.476163768928771880e-01
7.476163768928771880e-01
7.476163768928771880e-01
7.476163768928771880e-01
7.476163768928771880e-01
7.476163768928771880e-01
7.470555243970835591e-01
7.470555243970835591e-01
7.470555243970835591e-01
7.470555243970835591e-01
7.470555243970835591e-01
7.470555243970835591e-01
7.470555243970835591e-01
7.470555243970835591e-01
7.414469994391474916e-01
7.414469994391474916e-01
7.414469994391474916e-01
7.414469994391474916e-01
7.414469994391474916e-01
7.414469994391474916e-01
7.414469994391474916e-01
7.414469994391474916e-01
7.414469994391474916e-01
7.414469994391474916e-01
7.414469994391474916e-01
7.414469994391474916e-01
7.414469994391474916e-01
7.414469994391474916e-01
7.414469994391474916e-01
7.414469994391474916e-01
7.414469994391474916e-01
7.414469994391474916e-01
7.414469994391474916e-01
7.414469994391474916e-01
7.414469994391474916e-01
7.403252944475603448e-01
7.403252944475603448e-01
7.403252944475603448e-01
7.403252944475603448e-01
7.403252944475603448e-01
7.403252944475603448e-01
7.403252944475603448e-01
7.403252944475603448e-01
7.403252944475603448e-01
7.403252944475603448e-01
7.392035894559730869e-01
7.392035894559730869e-01
7.392035894559730869e-01
7.392035894559730869e-01
7.392035894559730869e-01
7.392035894559730869e-01
7.392035894559730869e-01
7.392035894559730869e-01
7.392035894559730869e-01
7.392035894559730869e-01
7.375210319685923110e-01
7.375210319685923110e-01
7.375210319685923110e-01
7.375210319685923110e-01
7.375210319685923110e-01
7.375210319685923110e-01
7.375210319685923110e-01
7.375210319685923110e-01
7.375210319685923110e-01
7.375210319685923110e-01
7.375210319685923110e-01
7.352776219854177953e-01
7.352776219854177953e-01
7.352776219854177953e-01
7.352776219854177953e-01
7.352776219854177953e-01
7.352776219854177953e-01
7.352776219854177953e-01
7.352776219854177953e-01
7.352776219854177953e-01
7.352776219854177953e-01
7.352776219854177953e-01
7.352776219854177953e-01
7.335950644980370194e-01
7.335950644980370194e-01
7.335950644980370194e-01
7.330342120022433905e-01
7.330342120022433905e-01
7.330342120022433905e-01
7.330342120022433905e-01
7.330342120022433905e-01
7.330342120022433905e-01
7.330342120022433905e-01
7.330342120022433905e-01
7.330342120022433905e-01
7.330342120022433905e-01
7.324733595064497615e-01
7.324733595064497615e-01
7.324733595064497615e-01
7.324733595064497615e-01
7.324733595064497615e-01
7.324733595064497615e-01
7.324733595064497615e-01
7.324733595064497615e-01
7.324733595064497615e-01
7.324733595064497615e-01
7.324733595064497615e-01
7.274256870443073231e-01
7.274256870443073231e-01
7.274256870443073231e-01
7.274256870443073231e-01
7.274256870443073231e-01
7.274256870443073231e-01
7.274256870443073231e-01
7.274256870443073231e-01
7.274256870443073231e-01
7.274256870443073231e-01
7.274256870443073231e-01
7.268648345485136941e-01
7.268648345485136941e-01
7.268648345485136941e-01
7.268648345485136941e-01
7.268648345485136941e-01
7.268648345485136941e-01
7.268648345485136941e-01
7.268648345485136941e-01
7.268648345485136941e-01
7.268648345485136941e-01
7.268648345485136941e-01
7.268648345485136941e-01
7.268648345485136941e-01
7.268648345485136941e-01
7.268648345485136941e-01
7.268648345485136941e-01
7.251822770611329183e-01
7.251822770611329183e-01
7.251822770611329183e-01
7.251822770611329183e-01
7.251822770611329183e-01
7.251822770611329183e-01
7.251822770611329183e-01
7.251822770611329183e-01
7.251822770611329183e-01
7.251822770611329183e-01
7.251822770611329183e-01
7.251822770611329183e-01
7.251822770611329183e-01
7.251822770611329183e-01
7.251822770611329183e-01
7.201346045989904798e-01
7.195737521031968509e-01
7.195737521031968509e-01
7.195737521031968509e-01
7.195737521031968509e-01
7.195737521031968509e-01
7.195737521031968509e-01
7.195737521031968509e-01
7.195737521031968509e-01
7.195737521031968509e-01
7.195737521031968509e-01
7.195737521031968509e-01
7.195737521031968509e-01
6.977005047672462101e-01
6.915311273135165138e-01
6.775098149186763452e-01
6.730229949523275357e-01
6.702187324733595020e-01
6.662927650028042104e-01
6.528323051037576708e-01
6.511497476163768949e-01
6.455412226584408275e-01
6.449803701626471986e-01
6.410544026920920180e-01
6.388109927089175022e-01
6.298373527762198831e-01
6.264722378014582205e-01
6.247896803140774447e-01
6.219854178351094109e-01
6.197420078519348952e-01
6.191811553561413772e-01
6.135726303982053098e-01
6.135726303982053098e-01
6.090858104318563893e-01
6.090858104318563893e-01
6.057206954570948376e-01
5.989904655075715123e-01
5.989904655075715123e-01
5.989904655075715123e-01
5.989904655075715123e-01
5.877734155916993775e-01
5.872125630959057485e-01
5.872125630959057485e-01
5.855300056085249727e-01
5.838474481211440859e-01
5.838474481211440859e-01
5.776780706674145005e-01
5.759955131800336137e-01
5.759955131800336137e-01
5.703869882220975462e-01
5.703869882220975462e-01
5.703869882220975462e-01
5.698261357263040283e-01
5.681435782389231415e-01
5.642176107683679609e-01
5.591699383062254114e-01
5.569265283230510066e-01
5.569265283230510066e-01
5.569265283230510066e-01
5.569265283230510066e-01
5.541222658440829729e-01
5.457094784071788718e-01
5.434660684240044670e-01
5.434660684240044670e-01
5.417835109366236912e-01
5.401009534492428044e-01
5.401009534492428044e-01
5.378575434660683996e-01
5.378575434660683996e-01
5.367358384744812527e-01
5.367358384744812527e-01
5.361749859786876238e-01
5.361749859786876238e-01
5.361749859786876238e-01
5.361749859786876238e-01
5.356141334828939948e-01
5.333707234997195901e-01
5.333707234997195901e-01
5.283230510375771516e-01
5.255187885586091179e-01
5.255187885586091179e-01
5.243970835670218600e-01
5.238362310712282310e-01
5.238362310712282310e-01
5.238362310712282310e-01
5.193494111048794215e-01
5.165451486259113878e-01
5.165451486259113878e-01
5.165451486259113878e-01
5.159842961301177588e-01
5.159842961301177588e-01
5.159842961301177588e-01
5.159842961301177588e-01
5.092540661805945446e-01
5.086932136848009156e-01
5.086932136848009156e-01
5.070106561974200288e-01
5.047672462142456240e-01
5.047672462142456240e-01
5.014021312394839613e-01
5.008412787436904434e-01
5.008412787436904434e-01
4.997195737521031855e-01
4.991587212563096121e-01
4.941110487941671181e-01
4.941110487941671181e-01
4.918676388109927133e-01
4.918676388109927133e-01
4.913067863151990844e-01
4.913067863151990844e-01
4.896242288278183086e-01
4.896242288278183086e-01
4.896242288278183086e-01
4.896242288278183086e-01
4.862591138530566459e-01
4.862591138530566459e-01
4.845765563656758146e-01
4.845765563656758146e-01
4.845765563656758146e-01
4.840157038698822412e-01
4.800897363993269495e-01
4.800897363993269495e-01
4.800897363993269495e-01
4.789680314077397472e-01
4.772854739203589713e-01
4.767246214245653424e-01
4.767246214245653424e-01
4.750420639371845111e-01
4.733595064498036797e-01
4.733595064498036797e-01
4.705552439708356460e-01
4.705552439708356460e-01
4.705552439708356460e-01
4.705552439708356460e-01
4.666292765002804099e-01
4.666292765002804099e-01
4.666292765002804099e-01
4.610207515423443425e-01
4.604598990465507691e-01
4.604598990465507691e-01
4.604598990465507691e-01
4.604598990465507691e-01
4.576556365675827354e-01
4.576556365675827354e-01
4.576556365675827354e-01
4.548513740886147017e-01
4.548513740886147017e-01
4.548513740886147017e-01
4.503645541222658366e-01
4.503645541222658366e-01
4.503645541222658366e-01
4.503645541222658366e-01
4.503645541222658366e-01
4.475602916432978029e-01
4.475602916432978029e-01
4.475602916432978029e-01
4.402692091979809041e-01
4.402692091979809041e-01
4.402692091979809041e-01
4.402692091979809041e-01
4.402692091979809041e-01
4.369040942232192970e-01
4.369040942232192970e-01
4.346606842400448922e-01
4.312955692652832296e-01
4.312955692652832296e-01
4.312955692652832296e-01
4.312955692652832296e-01
4.312955692652832296e-01
4.296130117779023982e-01
4.296130117779023982e-01
4.296130117779023982e-01
4.296130117779023982e-01
4.296130117779023982e-01
4.228827818283791284e-01
4.228827818283791284e-01
4.228827818283791284e-01
4.228827818283791284e-01
4.228827818283791284e-01
4.217610768367919261e-01
4.217610768367919261e-01
4.217610768367919261e-01
4.217610768367919261e-01
4.212002243409982971e-01
4.212002243409982971e-01
4.212002243409982971e-01
4.212002243409982971e-01
4.212002243409982971e-01
4.212002243409982971e-01
4.206393718452047237e-01
4.206393718452047237e-01
4.200785193494110947e-01
4.200785193494110947e-01
4.150308468872686563e-01
4.144699943914750273e-01
4.144699943914750273e-01
4.127874369040941960e-01
4.127874369040941960e-01
4.127874369040941960e-01
4.127874369040941960e-01
4.127874369040941960e-01
4.122265844083006225e-01
4.122265844083006225e-01
4.015703869882221166e-01
4.015703869882221166e-01
4.015703869882221166e-01
4.015703869882221166e-01
3.696017947279865434e-01
3.690409422321929145e-01
3.690409422321929145e-01
3.690409422321929145e-01
3.684800897363993410e-01
3.656758272574313073e-01
3.656758272574313073e-01
3.656758272574313073e-01
3.656758272574313073e-01
3.555804823331463749e-01
3.555804823331463749e-01
3.555804823331463749e-01
3.505328098710039364e-01
3.449242849130678690e-01
3.398766124509254305e-01
3.398766124509254305e-01
3.398766124509254305e-01
3.393157599551318016e-01
3.393157599551318016e-01
3.393157599551318016e-01
3.393157599551318016e-01
3.393157599551318016e-01
3.393157599551318016e-01
3.387549074593381726e-01
3.387549074593381726e-01
3.387549074593381726e-01
3.387549074593381726e-01
3.387549074593381726e-01
3.387549074593381726e-01
3.387549074593381726e-01
3.320246775098149028e-01
3.320246775098149028e-01
3.320246775098149028e-01
3.309029725182277004e-01
3.309029725182277004e-01
3.309029725182277004e-01
3.309029725182277004e-01
3.280987100392596667e-01
3.280987100392596667e-01
3.280987100392596667e-01
3.275378575434660933e-01
3.275378575434660933e-01
3.236118900729108017e-01
3.236118900729108017e-01
3.230510375771172282e-01
3.230510375771172282e-01
3.230510375771172282e-01
3.230510375771172282e-01
3.230510375771172282e-01
3.224901850813235993e-01
3.224901850813235993e-01
3.163208076275939584e-01
3.163208076275939584e-01
3.163208076275939584e-01
3.163208076275939584e-01
3.163208076275939584e-01
3.129556926528322958e-01
3.118339876612450934e-01
3.118339876612450934e-01
3.112731351654514644e-01
3.112731351654514644e-01
3.095905776780706886e-01
3.095905776780706886e-01
3.095905776780706886e-01
3.095905776780706886e-01
3.095905776780706886e-01
3.084688726864834307e-01
3.045429052159281946e-01
3.045429052159281946e-01
3.045429052159281946e-01
3.045429052159281946e-01
2.972518227706113514e-01
2.966909702748177224e-01
2.899607403252944526e-01
2.899607403252944526e-01
2.899607403252944526e-01
2.899607403252944526e-01
2.899607403252944526e-01
2.899607403252944526e-01
2.882781828379136213e-01
2.882781828379136213e-01
2.882781828379136213e-01
2.860347728547392165e-01
2.798653954010095202e-01
2.798653954010095202e-01
2.798653954010095202e-01
2.798653954010095202e-01
2.798653954010095202e-01
2.798653954010095202e-01
2.793045429052159467e-01
2.793045429052159467e-01
2.793045429052159467e-01
2.770611329220414865e-01
2.770611329220414865e-01
2.652832305103757782e-01
2.652832305103757782e-01
2.641615255187885758e-01
2.641615255187885758e-01
2.636006730229949468e-01
2.636006730229949468e-01
2.636006730229949468e-01
2.636006730229949468e-01
2.636006730229949468e-01
2.636006730229949468e-01
2.546270330902972723e-01
2.546270330902972723e-01
2.535053280987100144e-01
2.535053280987100144e-01
2.535053280987100144e-01
2.535053280987100144e-01
2.535053280987100144e-01
2.529444756029164409e-01
2.428491306786315085e-01
2.428491306786315085e-01
2.428491306786315085e-01
2.333146382501402050e-01
2.327537857543466038e-01
2.316320807627594014e-01
2.316320807627594014e-01
2.316320807627594014e-01
2.310712282669658002e-01
2.254627033090297328e-01
2.249018508132361316e-01
2.209758833426808677e-01
2.159282108805384293e-01
2.159282108805384293e-01
2.159282108805384293e-01
2.159282108805384293e-01
2.159282108805384293e-01
2.159282108805384293e-01
2.159282108805384293e-01
2.159282108805384293e-01
2.159282108805384293e-01
2.136848008973639967e-01
2.120022434099831654e-01
2.047111609646662944e-01
2.047111609646662944e-01
1.940549635445877608e-01
1.940549635445877608e-01
1.934941110487941596e-01
1.906898485698261259e-01
1.906898485698261259e-01
1.906898485698261259e-01
1.906898485698261259e-01
1.901289960740325247e-01
1.901289960740325247e-01
1.901289960740325247e-01
1.901289960740325247e-01
1.878855860908580921e-01
1.766685361749859851e-01
1.688166012338754851e-01
1.688166012338754851e-01
1.688166012338754851e-01
1.688166012338754851e-01
1.632080762759394177e-01
1.581604038137969792e-01
1.570386988222097491e-01
1.570386988222097491e-01
1.570386988222097491e-01
1.564778463264161479e-01
1.564778463264161479e-01
1.564778463264161479e-01
1.564778463264161479e-01
1.553561413348289455e-01
1.486259113853056757e-01
1.486259113853056757e-01
1.475042063937184456e-01
1.475042063937184456e-01
1.475042063937184456e-01
1.475042063937184456e-01
1.312394840157038722e-01
1.312394840157038722e-01
1.295569265283230409e-01
1.295569265283230409e-01
1.250701065619742036e-01
1.222658440830061699e-01
1.222658440830061699e-01
1.205832865956253525e-01
1.155356141334829001e-01
1.149747616376892850e-01
1.149747616376892850e-01
1.127313516545148664e-01
1.127313516545148664e-01
9.646662927650027919e-02
9.646662927650027919e-02
9.310151430173864429e-02
9.310151430173864429e-02
9.310151430173864429e-02
8.917554683118339431e-02
8.917554683118339431e-02
8.637128435221536060e-02
8.637128435221536060e-02
8.581043185642175941e-02
8.581043185642175941e-02
8.244531688166012451e-02
8.020190689848569199e-02
7.795849691531127335e-02
7.739764441951767215e-02
6.001121704991586869e-02
5.945036455412226750e-02
4.655075715086932214e-02
4.655075715086932214e-02
3.533370723499719424e-02
1.346045989904655002e-02
7.291082445316881405e-03
0.000000000000000000e+00
