1.000000000000000000e+00
9.899046550757151230e-01
9.871003925967470893e-01
9.859786876051598314e-01
9.859786876051598314e-01
9.859786876051598314e-01
9.859786876051598314e-01
9.854178351093662025e-01
9.854178351093662025e-01
9.854178351093662025e-01
9.854178351093662025e-01
9.854178351093662025e-01
9.848569826135726846e-01
9.848569826135726846e-01
9.848569826135726846e-01
9.842961301177790556e-01
9.831744251261917977e-01
9.809310151430173930e-01
9.803701626472237640e-01
9.803701626472237640e-01
9.803701626472237640e-01
9.803701626472237640e-01
9.798093101514301351e-01
9.786876051598429882e-01
9.786876051598429882e-01
9.786876051598429882e-01
9.786876051598429882e-01
9.786876051598429882e-01
9.786876051598429882e-01
9.786876051598429882e-01
9.775659001682557303e-01
9.775659001682557303e-01
9.775659001682557303e-01
9.770050476724621014e-01
9.770050476724621014e-01
9.764441951766685834e-01
9.764441951766685834e-01
9.758833426808749545e-01
9.758833426808749545e-01
9.758833426808749545e-01
9.758833426808749545e-01
9.758833426808749545e-01
9.758833426808749545e-01
9.758833426808749545e-01
9.747616376892876966e-01
9.747616376892876966e-01
9.747616376892876966e-01
9.747616376892876966e-01
9.742007851934940676e-01
9.742007851934940676e-01
9.742007851934940676e-01
9.742007851934940676e-01
9.742007851934940676e-01
9.742007851934940676e-01
9.742007851934940676e-01
9.742007851934940676e-01
9.736399326977005497e-01
9.736399326977005497e-01
9.736399326977005497e-01
9.736399326977005497e-01
9.736399326977005497e-01
9.730790802019069208e-01
9.018508132361189311e-01
9.018508132361189311e-01
9.012899607403253022e-01
9.012899607403253022e-01
9.012899607403253022e-01
9.007291082445316732e-01
9.007291082445316732e-01
9.007291082445316732e-01
9.007291082445316732e-01
9.007291082445316732e-01
9.007291082445316732e-01
9.007291082445316732e-01
9.007291082445316732e-01
9.001682557487380443e-01
9.001682557487380443e-01
8.990465507571508974e-01
8.990465507571508974e-01
8.990465507571508974e-01
8.990465507571508974e-01
8.990465507571508974e-01
8.973639932697700106e-01
8.973639932697700106e-01
8.973639932697700106e-01
8.973639932697700106e-01
8.973639932697700106e-01
8.973639932697700106e-01
8.973639932697700106e-01
8.968031407739764926e-01
8.945597307908019769e-01
8.945597307908019769e-01
8.939988782950084589e-01
8.939988782950084589e-01
8.939988782950084589e-01
8.934380257992148300e-01
8.928771733034212010e-01
8.923163208076275721e-01
8.923163208076275721e-01
8.923163208076275721e-01
8.923163208076275721e-01
8.923163208076275721e-01
8.906337633202467963e-01
8.906337633202467963e-01
8.906337633202467963e-01
8.900729108244531673e-01
8.900729108244531673e-01
8.900729108244531673e-01
8.900729108244531673e-01
8.900729108244531673e-01
8.900729108244531673e-01
8.889512058328659094e-01
8.889512058328659094e-01
8.889512058328659094e-01
8.889512058328659094e-01
8.889512058328659094e-01
8.889512058328659094e-01
8.883903533370723915e-01
8.878295008412787626e-01
8.878295008412787626e-01
8.878295008412787626e-01
8.861469433538978757e-01
8.850252383623107288e-01
8.850252383623107288e-01
8.850252383623107288e-01
8.850252383623107288e-01
8.850252383623107288e-01
8.850252383623107288e-01
8.850252383623107288e-01
8.850252383623107288e-01
8.850252383623107288e-01
8.850252383623107288e-01
8.850252383623107288e-01
8.850252383623107288e-01
8.850252383623107288e-01
8.850252383623107288e-01
8.850252383623107288e-01
8.850252383623107288e-01
8.850252383623107288e-01
8.839035333707234710e-01
8.839035333707234710e-01
8.839035333707234710e-01
8.827818283791363241e-01
8.822209758833426951e-01
8.822209758833426951e-01
8.822209758833426951e-01
8.822209758833426951e-01
8.822209758833426951e-01
8.822209758833426951e-01
8.822209758833426951e-01
8.822209758833426951e-01
8.822209758833426951e-01
8.822209758833426951e-01
8.816601233875490662e-01
8.816601233875490662e-01
8.810992708917554372e-01
8.810992708917554372e-01
8.810992708917554372e-01
8.810992708917554372e-01
8.810992708917554372e-01
8.805384183959618083e-01
8.805384183959618083e-01
8.805384183959618083e-01
8.805384183959618083e-01
8.805384183959618083e-01
8.805384183959618083e-01
8.805384183959618083e-01
8.799775659001682904e-01
8.799775659001682904e-01
8.799775659001682904e-01
8.799775659001682904e-01
8.799775659001682904e-01
8.788558609085810325e-01
8.782950084127874035e-01
8.782950084127874035e-01
8.777341559169938856e-01
8.760515984296129988e-01
8.754907459338193698e-01
8.749298934380258519e-01
8.704430734716769313e-01
8.704430734716769313e-01
8.704430734716769313e-01
8.704430734716769313e-01
8.704430734716769313e-01
8.704430734716769313e-01
8.704430734716769313e-01
8.704430734716769313e-01
8.693213684800897845e-01
8.693213684800897845e-01
8.693213684800897845e-01
8.693213684800897845e-01
8.693213684800897845e-01
8.693213684800897845e-01
8.693213684800897845e-01
8.693213684800897845e-01
8.687605159842961555e-01
8.687605159842961555e-01
8.687605159842961555e-01
8.687605159842961555e-01
8.687605159842961555e-01
8.687605159842961555e-01
8.687605159842961555e-01
8.687605159842961555e-01
8.676388109927088976e-01
8.676388109927088976e-01
8.676388109927088976e-01
8.676388109927088976e-01
8.676388109927088976e-01
8.676388109927088976e-01
8.676388109927088976e-01
8.676388109927088976e-01
8.676388109927088976e-01
8.665171060011217508e-01
8.665171060011217508e-01
8.665171060011217508e-01
8.665171060011217508e-01
8.665171060011217508e-01
8.665171060011217508e-01
8.665171060011217508e-01
8.665171060011217508e-01
8.665171060011217508e-01
8.665171060011217508e-01
8.637128435221537170e-01
8.637128435221537170e-01
8.637128435221537170e-01
8.637128435221537170e-01
8.637128435221537170e-01
8.637128435221537170e-01
8.637128435221537170e-01
8.637128435221537170e-01
8.637128435221537170e-01
8.637128435221537170e-01
8.631519910263600881e-01
8.631519910263600881e-01
8.631519910263600881e-01
8.631519910263600881e-01
8.631519910263600881e-01
8.631519910263600881e-01
8.631519910263600881e-01
8.631519910263600881e-01
8.631519910263600881e-01
8.631519910263600881e-01
8.631519910263600881e-01
8.631519910263600881e-01
8.631519910263600881e-01
8.625911385305664592e-01
8.625911385305664592e-01
8.625911385305664592e-01
8.625911385305664592e-01
8.625911385305664592e-01
8.625911385305664592e-01
8.625911385305664592e-01
8.625911385305664592e-01
8.625911385305664592e-01
8.625911385305664592e-01
8.558609085810431338e-01
8.558609085810431338e-01
8.558609085810431338e-01
8.553000560852496159e-01
8.553000560852496159e-01
8.553000560852496159e-01
8.553000560852496159e-01
8.553000560852496159e-01
8.553000560852496159e-01
8.553000560852496159e-01
8.553000560852496159e-01
8.553000560852496159e-01
8.480089736399326616e-01
8.480089736399326616e-01
8.480089736399326616e-01
8.480089736399326616e-01
8.480089736399326616e-01
8.480089736399326616e-01
8.480089736399326616e-01
8.480089736399326616e-01
8.480089736399326616e-01
8.480089736399326616e-01
8.480089736399326616e-01
8.480089736399326616e-01
8.480089736399326616e-01
8.480089736399326616e-01
8.373527762198541557e-01
8.373527762198541557e-01
8.373527762198541557e-01
8.373527762198541557e-01
8.373527762198541557e-01
8.373527762198541557e-01
8.373527762198541557e-01
8.373527762198541557e-01
8.373527762198541557e-01
8.373527762198541557e-01
8.373527762198541557e-01
8.373527762198541557e-01
8.373527762198541557e-01
8.373527762198541557e-01
8.351093662366797510e-01
8.351093662366797510e-01
8.351093662366797510e-01
8.351093662366797510e-01
8.351093662366797510e-01
8.351093662366797510e-01
8.351093662366797510e-01
8.351093662366797510e-01
8.351093662366797510e-01
8.351093662366797510e-01
8.351093662366797510e-01
8.351093662366797510e-01
8.351093662366797510e-01
8.351093662366797510e-01
8.351093662366797510e-01
8.351093662366797510e-01
8.283791362871564257e-01
8.283791362871564257e-01
8.283791362871564257e-01
8.283791362871564257e-01
8.283791362871564257e-01
8.278182837913629077e-01
8.278182837913629077e-01
8.278182837913629077e-01
8.278182837913629077e-01
8.278182837913629077e-01
8.278182837913629077e-01
8.278182837913629077e-01
8.278182837913629077e-01
8.278182837913629077e-01
8.278182837913629077e-01
8.278182837913629077e-01
8.278182837913629077e-01
8.222097588334268403e-01
8.222097588334268403e-01
8.222097588334268403e-01
8.222097588334268403e-01
8.222097588334268403e-01
8.222097588334268403e-01
8.222097588334268403e-01
8.222097588334268403e-01
8.222097588334268403e-01
8.222097588334268403e-01
8.222097588334268403e-01
8.222097588334268403e-01
8.216489063376332114e-01
8.216489063376332114e-01
8.216489063376332114e-01
8.143578238923163681e-01
8.143578238923163681e-01
8.143578238923163681e-01
8.143578238923163681e-01
8.143578238923163681e-01
8.143578238923163681e-01
8.143578238923163681e-01
8.143578238923163681e-01
8.143578238923163681e-01
8.143578238923163681e-01
8.137969713965227392e-01
8.137969713965227392e-01
8.137969713965227392e-01
8.137969713965227392e-01
8.137969713965227392e-01
8.137969713965227392e-01
8.137969713965227392e-01
8.137969713965227392e-01
8.137969713965227392e-01
8.137969713965227392e-01
8.093101514301738186e-01
8.093101514301738186e-01
8.093101514301738186e-01
8.093101514301738186e-01
8.087492989343803007e-01
8.087492989343803007e-01
8.087492989343803007e-01
8.087492989343803007e-01
8.087492989343803007e-01
8.087492989343803007e-01
8.087492989343803007e-01
8.087492989343803007e-01
8.087492989343803007e-01
8.087492989343803007e-01
8.087492989343803007e-01
8.087492989343803007e-01
8.087492989343803007e-01
8.008973639932697175e-01
8.008973639932697175e-01
8.008973639932697175e-01
8.008973639932697175e-01
8.008973639932697175e-01
8.008973639932697175e-01
8.008973639932697175e-01
8.008973639932697175e-01
8.008973639932697175e-01
8.003365114974761996e-01
8.003365114974761996e-01
8.003365114974761996e-01
8.003365114974761996e-01
8.003365114974761996e-01
8.003365114974761996e-01
8.003365114974761996e-01
8.003365114974761996e-01
8.003365114974761996e-01
7.863151991026360310e-01
7.863151991026360310e-01
7.863151991026360310e-01
7.863151991026360310e-01
7.863151991026360310e-01
7.863151991026360310e-01
7.863151991026360310e-01
7.863151991026360310e-01
7.863151991026360310e-01
7.863151991026360310e-01
7.863151991026360310e-01
7.863151991026360310e-01
7.863151991026360310e-01
7.863151991026360310e-01
7.863151991026360310e-01
7.863151991026360310e-01
7.846326416152551442e-01
7.846326416152551442e-01
7.846326416152551442e-01
7.846326416152551442e-01
7.846326416152551442e-01
7.829500841278743684e-01
7.829500841278743684e-01
7.829500841278743684e-01
7.829500841278743684e-01
7.829500841278743684e-01
7.829500841278743684e-01
7.829500841278743684e-01
7.829500841278743684e-01
7.829500841278743684e-01
7.829500841278743684e-01
7.829500841278743684e-01
7.829500841278743684e-01
7.829500841278743684e-01
7.829500841278743684e-01
7.829500841278743684e-01
7.829500841278743684e-01
7.829500841278743684e-01
7.750981491867638962e-01
7.750981491867638962e-01
7.750981491867638962e-01
7.750981491867638962e-01
7.750981491867638962e-01
7.750981491867638962e-01
7.750981491867638962e-01
7.750981491867638962e-01
7.750981491867638962e-01
7.750981491867638962e-01
7.750981491867638962e-01
7.750981491867638962e-01
7.750981491867638962e-01
7.750981491867638962e-01
7.750981491867638962e-01
7.750981491867638962e-01
7.750981491867638962e-01
7.750981491867638962e-01
7.487380818844643349e-01
7.487380818844643349e-01
7.487380818844643349e-01
7.481772293886708169e-01
7.481772293886708169e-01
7.481772293886708169e-01
7.481772293886708169e-01
7.476163768928771880e-01
7.476163768928771880e-01
7.476163768928771880e-01
7.470555243970835591e-01
7.470555243970835591e-01
7.470555243970835591e-01
7.470555243970835591e-01
7.403252944475603448e-01
7.212563095905776267e-01
7.106001121704991208e-01
7.106001121704991208e-01
7.077958496915310871e-01
7.066741446999439402e-01
7.033090297251822776e-01
6.971396522714525812e-01
6.926528323051037717e-01
6.926528323051037717e-01
6.920919798093101427e-01
6.842400448681996705e-01
6.758272574312955694e-01
6.657319125070106924e-01
6.629276500280426587e-01
6.618059450364554008e-01
6.590016825574873671e-01
6.461020751542344565e-01
6.461020751542344565e-01
6.461020751542344565e-01
6.461020751542344565e-01
6.461020751542344565e-01
6.343241727425686927e-01
6.332024677509815458e-01
6.332024677509815458e-01
6.332024677509815458e-01
6.332024677509815458e-01
6.332024677509815458e-01
6.332024677509815458e-01
6.332024677509815458e-01
6.332024677509815458e-01
6.332024677509815458e-01
6.332024677509815458e-01
6.332024677509815458e-01
6.332024677509815458e-01
6.332024677509815458e-01
6.236679753224901868e-01
6.236679753224901868e-01
6.236679753224901868e-01
6.236679753224901868e-01
6.236679753224901868e-01
6.236679753224901868e-01
6.236679753224901868e-01
6.236679753224901868e-01
6.236679753224901868e-01
6.186203028603477483e-01
6.186203028603477483e-01
6.186203028603477483e-01
6.186203028603477483e-01
6.186203028603477483e-01
6.186203028603477483e-01
6.186203028603477483e-01
6.186203028603477483e-01
6.163768928771733435e-01
6.163768928771733435e-01
6.096466629276500182e-01
6.096466629276500182e-01
6.096466629276500182e-01
6.096466629276500182e-01
6.090858104318563893e-01
6.090858104318563893e-01
6.090858104318563893e-01
6.090858104318563893e-01
6.090858104318563893e-01
6.090858104318563893e-01
6.090858104318563893e-01
6.090858104318563893e-01
6.090858104318563893e-01
6.090858104318563893e-01
6.090858104318563893e-01
6.090858104318563893e-01
6.090858104318563893e-01
6.068424004486819845e-01
6.068424004486819845e-01
6.068424004486819845e-01
6.068424004486819845e-01
6.012338754907459171e-01
6.012338754907459171e-01
6.012338754907459171e-01
6.012338754907459171e-01
6.012338754907459171e-01
6.012338754907459171e-01
6.012338754907459171e-01
6.012338754907459171e-01
6.012338754907459171e-01
6.012338754907459171e-01
5.961862030286034786e-01
5.961862030286034786e-01
5.961862030286034786e-01
5.961862030286034786e-01
5.961862030286034786e-01
5.961862030286034786e-01
5.961862030286034786e-01
5.961862030286034786e-01
5.961862030286034786e-01
5.950644980370162207e-01
5.950644980370162207e-01
5.950644980370162207e-01
5.950644980370162207e-01
5.950644980370162207e-01
5.939427930454290738e-01
5.939427930454290738e-01
5.939427930454290738e-01
5.939427930454290738e-01
5.939427930454290738e-01
5.939427930454290738e-01
5.939427930454290738e-01
5.821648906337633100e-01
5.821648906337633100e-01
5.821648906337633100e-01
5.821648906337633100e-01
5.821648906337633100e-01
5.821648906337633100e-01
5.804823331463825342e-01
5.804823331463825342e-01
5.804823331463825342e-01
5.804823331463825342e-01
5.804823331463825342e-01
5.804823331463825342e-01
5.804823331463825342e-01
5.804823331463825342e-01
5.804823331463825342e-01
5.804823331463825342e-01
5.804823331463825342e-01
5.804823331463825342e-01
5.793606281547952763e-01
5.793606281547952763e-01
5.743129556926528378e-01
5.743129556926528378e-01
5.743129556926528378e-01
5.743129556926528378e-01
5.743129556926528378e-01
5.737521031968592089e-01
5.737521031968592089e-01
5.737521031968592089e-01
5.737521031968592089e-01
5.737521031968592089e-01
5.737521031968592089e-01
5.737521031968592089e-01
5.737521031968592089e-01
5.737521031968592089e-01
5.737521031968592089e-01
5.737521031968592089e-01
5.709478407178911752e-01
5.709478407178911752e-01
5.709478407178911752e-01
5.709478407178911752e-01
5.709478407178911752e-01
5.709478407178911752e-01
5.709478407178911752e-01
5.709478407178911752e-01
5.709478407178911752e-01
5.709478407178911752e-01
5.709478407178911752e-01
5.703869882220975462e-01
5.703869882220975462e-01
5.703869882220975462e-01
5.703869882220975462e-01
5.703869882220975462e-01
5.703869882220975462e-01
5.703869882220975462e-01
5.703869882220975462e-01
5.703869882220975462e-01
5.703869882220975462e-01
5.703869882220975462e-01
5.703869882220975462e-01
5.703869882220975462e-01
5.703869882220975462e-01
5.703869882220975462e-01
5.703869882220975462e-01
5.703869882220975462e-01
5.703869882220975462e-01
5.703869882220975462e-01
5.703869882220975462e-01
5.703869882220975462e-01
5.703869882220975462e-01
5.703869882220975462e-01
5.703869882220975462e-01
5.703869882220975462e-01
5.703869882220975462e-01
5.703869882220975462e-01
5.703869882220975462e-01
5.670218732473359946e-01
5.670218732473359946e-01
5.670218732473359946e-01
5.670218732473359946e-01
5.670218732473359946e-01
5.647784632641614788e-01
5.647784632641614788e-01
5.647784632641614788e-01
5.647784632641614788e-01
5.647784632641614788e-01
5.647784632641614788e-01
5.647784632641614788e-01
5.647784632641614788e-01
5.647784632641614788e-01
5.647784632641614788e-01
5.647784632641614788e-01
5.647784632641614788e-01
5.647784632641614788e-01
5.642176107683679609e-01
5.642176107683679609e-01
5.479528883903533876e-01
5.479528883903533876e-01
5.479528883903533876e-01
5.479528883903533876e-01
5.479528883903533876e-01
5.479528883903533876e-01
5.479528883903533876e-01
5.479528883903533876e-01
5.479528883903533876e-01
5.479528883903533876e-01
5.479528883903533876e-01
5.479528883903533876e-01
5.479528883903533876e-01
5.479528883903533876e-01
5.479528883903533876e-01
5.479528883903533876e-01
5.479528883903533876e-01
5.479528883903533876e-01
5.479528883903533876e-01
5.479528883903533876e-01
5.468311833987661297e-01
5.468311833987661297e-01
5.468311833987661297e-01
5.468311833987661297e-01
5.468311833987661297e-01
5.468311833987661297e-01
5.468311833987661297e-01
5.468311833987661297e-01
5.468311833987661297e-01
5.468311833987661297e-01
5.468311833987661297e-01
5.468311833987661297e-01
5.468311833987661297e-01
5.468311833987661297e-01
5.417835109366236912e-01
5.417835109366236912e-01
5.417835109366236912e-01
5.417835109366236912e-01
5.417835109366236912e-01
5.417835109366236912e-01
5.417835109366236912e-01
5.417835109366236912e-01
5.417835109366236912e-01
5.417835109366236912e-01
5.417835109366236912e-01
5.350532809871003659e-01
5.350532809871003659e-01
5.350532809871003659e-01
5.350532809871003659e-01
5.350532809871003659e-01
5.350532809871003659e-01
5.350532809871003659e-01
5.350532809871003659e-01
5.350532809871003659e-01
5.350532809871003659e-01
5.350532809871003659e-01
5.350532809871003659e-01
5.350532809871003659e-01
5.350532809871003659e-01
5.350532809871003659e-01
5.350532809871003659e-01
5.350532809871003659e-01
5.350532809871003659e-01
5.350532809871003659e-01
5.350532809871003659e-01
5.350532809871003659e-01
5.350532809871003659e-01
5.350532809871003659e-01
5.350532809871003659e-01
5.288839035333706695e-01
5.288839035333706695e-01
5.288839035333706695e-01
5.288839035333706695e-01
5.288839035333706695e-01
5.288839035333706695e-01
5.283230510375771516e-01
5.283230510375771516e-01
5.283230510375771516e-01
5.283230510375771516e-01
5.283230510375771516e-01
5.283230510375771516e-01
5.283230510375771516e-01
5.277621985417835226e-01
5.277621985417835226e-01
5.277621985417835226e-01
5.277621985417835226e-01
5.277621985417835226e-01
5.277621985417835226e-01
5.215928210880538263e-01
5.215928210880538263e-01
5.103757711721816914e-01
5.103757711721816914e-01
4.862591138530566459e-01
4.660684240044868365e-01
4.649467190128996341e-01
4.576556365675827354e-01
4.537296690970274993e-01
4.537296690970274993e-01
4.526079641054402969e-01
4.509254066180594656e-01
4.509254066180594656e-01
4.391475042063937018e-01
4.363432417274256681e-01
4.329781267526640609e-01
4.296130117779023982e-01
4.273696017947279935e-01
4.273696017947279935e-01
4.273696017947279935e-01
4.262478968031407911e-01
4.195176668536175213e-01
4.167134043746494876e-01
4.161525518788558586e-01
4.144699943914750273e-01
4.083006169377453864e-01
4.083006169377453864e-01
4.083006169377453864e-01
4.083006169377453864e-01
4.077397644419517575e-01
4.077397644419517575e-01
3.920358945597308131e-01
3.909141895681435552e-01
3.909141895681435552e-01
3.892316320807627794e-01
3.892316320807627794e-01
3.841839596186202854e-01
3.841839596186202854e-01
3.841839596186202854e-01
3.841839596186202854e-01
3.729669097027481506e-01
3.707234997195737458e-01
3.707234997195737458e-01
3.707234997195737458e-01
3.707234997195737458e-01
3.684800897363993410e-01
3.679192372406057121e-01
3.617498597868760712e-01
3.611890072910824423e-01
3.567021873247335773e-01
3.567021873247335773e-01
3.561413348289400038e-01
3.561413348289400038e-01
3.561413348289400038e-01
3.555804823331463749e-01
3.538979248457655435e-01
3.499719573752103075e-01
3.477285473920359027e-01
3.325855300056085317e-01
3.320246775098149028e-01
3.320246775098149028e-01
3.303421200224341270e-01
3.303421200224341270e-01
3.275378575434660933e-01
3.269770050476724643e-01
3.252944475602916330e-01
3.247335950644980596e-01
3.247335950644980596e-01
3.247335950644980596e-01
3.247335950644980596e-01
3.213684800897363969e-01
3.213684800897363969e-01
3.213684800897363969e-01
3.202467750981491945e-01
3.180033651149747342e-01
3.180033651149747342e-01
3.180033651149747342e-01
3.180033651149747342e-01
3.180033651149747342e-01
3.168816601233875319e-01
3.163208076275939584e-01
3.163208076275939584e-01
3.163208076275939584e-01
3.151991026360067560e-01
3.151991026360067560e-01
3.123948401570387223e-01
3.123948401570387223e-01
3.112731351654514644e-01
3.107122826696578910e-01
3.084688726864834307e-01
3.084688726864834307e-01
3.084688726864834307e-01
3.084688726864834307e-01
3.079080201906898573e-01
3.079080201906898573e-01
3.073471676948962283e-01
3.034212002243409922e-01
3.028603477285474188e-01
3.028603477285474188e-01
3.000560852495793851e-01
3.000560852495793851e-01
2.994952327537857562e-01
2.994952327537857562e-01
2.989343802579921272e-01
2.989343802579921272e-01
2.989343802579921272e-01
2.922041503084688574e-01
2.922041503084688574e-01
2.893998878295008237e-01
2.893998878295008237e-01
2.893998878295008237e-01
2.888390353337072503e-01
2.877173303421200479e-01
2.871564778463264189e-01
2.837913628715647563e-01
2.809871003925967226e-01
2.787436904094223178e-01
2.787436904094223178e-01
2.787436904094223178e-01
2.787436904094223178e-01
2.736960179472798793e-01
2.736960179472798793e-01
2.736960179472798793e-01
2.714526079641054190e-01
2.714526079641054190e-01
2.714526079641054190e-01
2.692091979809310143e-01
2.692091979809310143e-01
2.692091979809310143e-01
2.658440830061693516e-01
2.658440830061693516e-01
2.658440830061693516e-01
2.658440830061693516e-01
2.658440830061693516e-01
2.523836231071228120e-01
2.523836231071228120e-01
2.507010656197419807e-01
2.501402131239484072e-01
2.501402131239484072e-01
2.462142456533931711e-01
2.462142456533931711e-01
2.462142456533931711e-01
2.462142456533931711e-01
2.439708356702187386e-01
2.411665731912507049e-01
2.406057206954571037e-01
2.406057206954571037e-01
2.389231632080762724e-01
2.389231632080762724e-01
2.361189007291082387e-01
2.344363432417274351e-01
2.338754907459338062e-01
2.338754907459338062e-01
2.338754907459338062e-01
2.338754907459338062e-01
2.254627033090297328e-01
2.254627033090297328e-01
2.198541783510936654e-01
2.192933258553000642e-01
2.192933258553000642e-01
2.192933258553000642e-01
2.164890633763320305e-01
2.164890633763320305e-01
2.164890633763320305e-01
2.164890633763320305e-01
2.164890633763320305e-01
2.136848008973639967e-01
2.091979809310151317e-01
2.047111609646662944e-01
2.047111609646662944e-01
2.047111609646662944e-01
2.047111609646662944e-01
2.047111609646662944e-01
2.047111609646662944e-01
1.974200785193494234e-01
1.974200785193494234e-01
1.974200785193494234e-01
1.974200785193494234e-01
1.974200785193494234e-01
1.918115535614133560e-01
1.895681435782389235e-01
1.884464385866517211e-01
1.884464385866517211e-01
1.862030286034772886e-01
1.828379136287156537e-01
1.828379136287156537e-01
1.828379136287156537e-01
1.822770611329220525e-01
1.805945036455412211e-01
1.805945036455412211e-01
1.805945036455412211e-01
1.794727986539540188e-01
1.794727986539540188e-01
1.777902411665731874e-01
1.777902411665731874e-01
1.766685361749859851e-01
1.766685361749859851e-01
1.688166012338754851e-01
1.688166012338754851e-01
1.682557487380818839e-01
1.682557487380818839e-01
1.682557487380818839e-01
1.570386988222097491e-01
1.570386988222097491e-01
1.570386988222097491e-01
1.570386988222097491e-01
1.553561413348289455e-01
1.542344363432417154e-01
1.525518788558609118e-01
1.525518788558609118e-01
1.525518788558609118e-01
1.497476163768928781e-01
1.491867638810992769e-01
1.491867638810992769e-01
1.385305664610207432e-01
1.278743690409422373e-01
1.278743690409422373e-01
9.590577678070667800e-02
9.478407178911946174e-02
9.029725182277061057e-02
9.029725182277061057e-02
9.029725182277061057e-02
9.029725182277061057e-02
9.029725182277061057e-02
7.459338194054963844e-02
7.066741446999438847e-02
6.954570947840717221e-02
6.954570947840717221e-02
6.337633202467750360e-02
6.281547952888390240e-02
6.281547952888390240e-02
6.113292204150308495e-02
6.113292204150308495e-02
4.935501962983735585e-02
4.823331463825013959e-02
4.823331463825013959e-02
4.430734716769489656e-02
3.140773976444195120e-02
3.028603477285473841e-02
2.692091979809310004e-02
2.131239484015703955e-02
0.000000000000000000e+00
