9.998994974874372277e-01
8.806030150753768604e-01
8.499497487437186471e-01
8.310552763819095690e-01
8.185929648241205836e-01
8.033165829145728631e-01
7.958793969849246031e-01
7.879396984924622593e-01
7.789949748743718594e-01
7.732663316582915058e-01
7.664321608040201017e-01
7.592964824120602696e-01
7.492462311557789301e-01
7.441206030150753215e-01
7.372864321608040283e-01
7.285427135678391730e-01
7.225125628140703915e-01
7.177889447236180942e-01
7.169849246231155826e-01
7.090452261306532389e-01
7.053266331658291088e-01
7.023115577889447181e-01
7.011055276381910062e-01
6.994974874371859830e-01
6.976884422110553041e-01
6.947738693467336857e-01
6.927638190954773512e-01
6.912562814070352113e-01
6.907537688442211277e-01
6.895477386934673047e-01
6.873366834170854256e-01
6.845226130653265795e-01
6.815075376884421887e-01
6.794974874371859652e-01
6.782914572864321423e-01
6.774874371859296307e-01
6.766834170854271191e-01
6.756783919597989518e-01
6.746733668341708956e-01
6.736683417085427283e-01
6.714572864321608492e-01
6.677386934673367191e-01
6.646231155778894450e-01
6.626130653266331105e-01
6.613065326633166263e-01
6.602010050251255757e-01
6.586934673366834359e-01
6.578894472361809242e-01
6.570854271356784126e-01
6.549748743718593058e-01
6.536683417085427106e-01
6.530653266331658546e-01
6.523618090452261153e-01
6.516582914572864871e-01
6.506532663316583198e-01
6.487437185929648686e-01
6.475376884422110457e-01
5.603015075376884813e-01
5.521608040201004819e-01
5.442211055276381382e-01
5.388944723618090960e-01
5.347738693467336546e-01
5.300502512562813573e-01
5.268341708542713109e-01
5.253266331658291710e-01
5.233165829145728365e-01
5.200000000000000178e-01
5.166834170854270880e-01
5.142713567839195532e-01
5.109547738693467345e-01
5.044221105527638693e-01
5.003015075376884280e-01
4.973869346733668095e-01
4.966834170854271258e-01
4.963819095477386978e-01
4.931658291457286514e-01
4.921608040201004841e-01
4.903517587939698608e-01
4.895477386934673492e-01
4.891457286432160934e-01
4.881407035175879261e-01
4.880402010050250983e-01
4.845226130653266239e-01
4.834170854271356843e-01
4.822110552763819169e-01
4.797989949748743821e-01
4.781909547738693589e-01
4.758793969849245964e-01
4.742713567839195732e-01
4.741708542713568009e-01
4.736683417085427172e-01
4.707537688442210988e-01
4.705527638190954987e-01
4.670351758793969688e-01
4.668341708542713686e-01
4.650251256281406897e-01
4.632160804020100664e-01
4.614070351758793875e-01
4.596984924623115365e-01
4.578894472361809131e-01
4.573869346733668295e-01
4.570854271356784015e-01
4.557788944723618063e-01
4.533668341708542715e-01
4.527638190954773600e-01
4.514572864321608203e-01
4.503517587939698252e-01
4.446231155778894717e-01
4.436180904522613044e-01
4.428140703517587928e-01
4.419095477386934534e-01
4.391959798994974906e-01
4.346733668341708490e-01
4.339698492462311652e-01
4.321608040201004863e-01
4.307537688442211188e-01
4.292462311557788679e-01
4.292462311557788679e-01
4.280402010050251005e-01
4.257286432160803935e-01
4.232160804020100309e-01
4.210050251256281517e-01
4.191959798994974729e-01
4.182914572864321334e-01
4.157788944723618263e-01
4.148743718592964869e-01
4.140703517587939753e-01
4.108542713567839288e-01
4.088442211055276498e-01
4.088442211055276498e-01
4.063316582914572872e-01
4.047236180904522640e-01
4.042211055276381804e-01
4.029145728643215851e-01
4.011055276381909618e-01
3.985929648241205991e-01
3.974874371859296596e-01
3.949748743718592969e-01
3.877386934673366925e-01
3.874371859296482645e-01
3.844221105527638183e-01
3.822110552763818836e-01
3.792964824120603207e-01
3.791959798994974928e-01
3.774874371859296418e-01
3.768844221105527859e-01
3.729648241206030002e-01
3.699497487437186094e-01
3.650251256281407120e-01
3.635175879396985166e-01
3.614070351758794097e-01
3.583919597989949635e-01
3.565829145728643401e-01
3.537688442211055495e-01
3.532663316582914659e-01
3.496482412060301637e-01
3.474371859296482290e-01
3.442211055276381826e-01
3.392964824120602851e-01
3.356783919597989829e-01
3.328643216080401923e-01
3.306532663316583132e-01
3.271356783919597833e-01
3.190954773869346672e-01
3.134673366834170860e-01
3.104522613065326397e-01
3.098492462311557838e-01
3.095477386934673558e-01
3.091457286432161000e-01
3.081407035175879328e-01
3.073366834170854212e-01
3.068341708542713375e-01
3.047236180904522862e-01
3.038190954773869468e-01
3.020100502512562679e-01
3.019095477386934401e-01
3.018090452261306678e-01
3.011055276381909285e-01
3.007035175879396727e-01
2.994974874371859053e-01
2.986934673366833937e-01
2.986934673366833937e-01
2.981909547738693655e-01
2.981909547738693655e-01
2.972864321608040261e-01
2.970854271356783705e-01
2.969849246231155981e-01
2.952763819095477471e-01
2.942713567839195798e-01
2.942713567839195798e-01
2.942713567839195798e-01
2.940703517587939797e-01
2.939698492462311519e-01
2.933668341708542959e-01
2.915577889447236171e-01
2.915577889447236171e-01
2.911557788944723613e-01
2.910552763819095334e-01
2.908542713567839333e-01
2.908542713567839333e-01
2.908542713567839333e-01
2.903517587939698497e-01
2.902512562814070218e-01
2.889447236180904266e-01
2.887437185929648265e-01
2.886432160804019986e-01
2.877386934673366592e-01
2.873366834170854034e-01
2.872361809045226311e-01
2.872361809045226311e-01
2.872361809045226311e-01
2.872361809045226311e-01
2.872361809045226311e-01
2.848241206030150963e-01
2.848241206030150963e-01
2.848241206030150963e-01
2.847236180904522684e-01
2.847236180904522684e-01
2.840201005025125847e-01
2.835175879396985010e-01
2.835175879396985010e-01
2.835175879396985010e-01
2.832160804020100731e-01
2.831155778894472452e-01
2.818090452261306500e-01
2.818090452261306500e-01
2.816080402010050499e-01
2.815075376884422220e-01
2.815075376884422220e-01
2.815075376884422220e-01
2.814070351758793942e-01
2.814070351758793942e-01
2.809045226130653106e-01
2.806030150753768826e-01
2.782914572864321756e-01
2.782914572864321756e-01
2.781909547738693478e-01
2.775879396984924363e-01
2.774874371859296640e-01
2.774874371859296640e-01
2.772864321608040084e-01
2.772864321608040084e-01
2.770854271356784082e-01
2.770854271356784082e-01
2.769849246231155804e-01
2.745728643216080456e-01
2.713567839195979992e-01
2.712562814070351713e-01
2.712562814070351713e-01
2.702512562814070596e-01
2.701507537688442318e-01
2.701507537688442318e-01
2.699497487437185761e-01
2.699497487437185761e-01
2.696482412060301481e-01
2.696482412060301481e-01
2.696482412060301481e-01
2.695477386934673203e-01
2.687437185929648087e-01
2.662311557788944461e-01
2.662311557788944461e-01
2.659296482412060181e-01
2.659296482412060181e-01
2.659296482412060181e-01
2.659296482412060181e-01
2.656281407035175901e-01
2.656281407035175901e-01
2.654271356783919344e-01
2.651256281407035065e-01
2.651256281407035065e-01
2.643216080402009949e-01
2.638190954773869112e-01
2.638190954773869112e-01
2.633165829145728831e-01
2.633165829145728831e-01
2.628140703517587995e-01
2.628140703517587995e-01
2.628140703517587995e-01
2.628140703517587995e-01
2.624120603015075437e-01
2.624120603015075437e-01
2.624120603015075437e-01
2.624120603015075437e-01
2.622110552763818880e-01
2.622110552763818880e-01
2.591959798994974973e-01
2.590954773869346695e-01
2.581909547738693300e-01
2.580904522613065577e-01
2.580904522613065577e-01
2.576884422110553019e-01
2.576884422110553019e-01
2.576884422110553019e-01
2.571859296482412183e-01
2.568844221105527903e-01
2.567839195979899625e-01
2.566834170854271346e-01
2.563819095477387067e-01
2.563819095477387067e-01
2.563819095477387067e-01
2.547738693467336835e-01
2.547738693467336835e-01
2.547738693467336835e-01
2.547738693467336835e-01
2.539698492462311719e-01
2.535678391959799161e-01
2.535678391959799161e-01
2.535678391959799161e-01
2.534673366834170882e-01
2.533668341708542604e-01
2.533668341708542604e-01
2.521608040201004930e-01
2.521608040201004930e-01
2.520603015075376652e-01
2.512562814070351536e-01
2.505527638190954698e-01
2.505527638190954698e-01
2.498492462311557860e-01
2.498492462311557860e-01
2.497487437185929582e-01
2.491457286432160745e-01
2.483417085427135629e-01
2.481407035175879350e-01
2.481407035175879350e-01
2.477386934673366792e-01
2.476381909547738791e-01
2.476381909547738791e-01
2.476381909547738791e-01
2.472361809045226233e-01
2.472361809045226233e-01
2.472361809045226233e-01
2.472361809045226233e-01
2.462311557788944838e-01
2.462311557788944838e-01
2.462311557788944838e-01
2.458291457286432280e-01
2.457286432160804002e-01
2.457286432160804002e-01
2.454271356783919722e-01
2.454271356783919722e-01
2.453266331658291444e-01
2.453266331658291444e-01
2.448241206030150885e-01
2.448241206030150885e-01
2.438190954773869212e-01
2.437185929648241212e-01
2.437185929648241212e-01
2.437185929648241212e-01
2.437185929648241212e-01
2.418090452261306422e-01
2.417085427135678422e-01
2.417085427135678422e-01
2.417085427135678422e-01
2.416080402010050143e-01
2.416080402010050143e-01
2.415075376884422143e-01
2.411055276381909585e-01
2.411055276381909585e-01
2.404020100502512469e-01
2.404020100502512469e-01
2.404020100502512469e-01
2.404020100502512469e-01
2.395979899497487353e-01
2.395979899497487353e-01
2.395979899497487353e-01
2.378894472361809120e-01
2.378894472361809120e-01
2.378894472361809120e-01
2.377889447236180842e-01
2.377889447236180842e-01
2.377889447236180842e-01
2.371859296482412005e-01
2.371859296482412005e-01
2.371859296482412005e-01
2.368844221105527725e-01
2.367839195979899447e-01
2.367839195979899447e-01
2.367839195979899447e-01
2.367839195979899447e-01
2.362814070351758888e-01
2.352763819095477493e-01
2.352763819095477493e-01
2.352763819095477493e-01
2.347738693467336657e-01
2.342713567839196098e-01
2.340703517587939819e-01
2.340703517587939819e-01
2.338693467336683540e-01
2.338693467336683540e-01
2.337688442211055262e-01
2.334673366834170982e-01
2.333668341708542704e-01
2.329648241206030146e-01
2.329648241206030146e-01
2.329648241206030146e-01
2.329648241206030146e-01
2.327638190954773867e-01
2.321608040201005030e-01
2.318592964824120473e-01
2.318592964824120473e-01
2.310552763819095357e-01
2.298492462311557682e-01
2.295477386934673403e-01
2.295477386934673403e-01
2.295477386934673403e-01
2.291457286432160845e-01
2.291457286432160845e-01
2.291457286432160845e-01
2.286432160804020008e-01
2.286432160804020008e-01
2.286432160804020008e-01
2.284422110552763729e-01
2.283417085427135729e-01
2.282412060301507450e-01
2.282412060301507450e-01
2.281407035175879450e-01
2.271356783919598055e-01
2.262311557788944660e-01
2.262311557788944660e-01
2.257286432160804102e-01
2.246231155778894428e-01
2.246231155778894428e-01
2.246231155778894428e-01
2.245226130653266428e-01
2.245226130653266428e-01
2.244221105527638149e-01
2.243216080402010149e-01
2.243216080402010149e-01
2.243216080402010149e-01
2.223115577889447358e-01
2.178894472361808943e-01
2.121608040201005130e-01
2.085427135678391830e-01
2.063316582914572761e-01
2.052261306532663365e-01
2.015075376884422065e-01
1.976884422110552764e-01
1.964824120603015090e-01
1.948743718592964858e-01
1.910552763819095556e-01
1.873366834170854256e-01
1.812060301507537607e-01
1.776884422110552864e-01
1.744723618090452399e-01
1.715577889447236215e-01
1.618090452261306544e-01
1.584924623115577802e-01
1.577889447236180964e-01
1.564824120603015012e-01
1.542713567839195943e-01
1.522613065326633153e-01
1.503517587939698363e-01
1.503517587939698363e-01
1.497487437185929526e-01
1.485427135678391852e-01
1.474371859296482457e-01
1.469346733668341620e-01
1.460301507537688503e-01
1.443216080402009993e-01
1.428140703517588039e-01
1.428140703517588039e-01
1.424120603015075481e-01
1.406030150753768970e-01
1.404020100502512691e-01
1.404020100502512691e-01
1.396984924623115576e-01
1.393969849246231019e-01
1.384924623115577902e-01
1.383919597989949624e-01
1.381909547738693345e-01
1.370854271356783949e-01
1.367839195979899392e-01
1.367839195979899392e-01
1.366834170854271391e-01
1.366834170854271391e-01
1.359798994974874276e-01
1.358793969849246275e-01
1.357788944723617997e-01
1.347738693467336601e-01
1.330653266331658369e-01
1.329648241206030090e-01
1.325628140703517532e-01
1.318592964824120695e-01
1.311557788944723579e-01
1.308542713567839300e-01
1.294472361809045347e-01
1.294472361809045347e-01
1.293467336683417068e-01
1.292462311557789068e-01
1.292462311557789068e-01
1.291457286432160789e-01
1.290452261306532789e-01
1.290452261306532789e-01
1.290452261306532789e-01
1.290452261306532789e-01
1.283417085427135673e-01
1.281407035175879394e-01
1.281407035175879394e-01
1.281407035175879394e-01
1.278391959798994837e-01
1.277386934673366836e-01
1.276381909547738558e-01
1.273366834170854278e-01
1.268341708542713442e-01
1.268341708542713442e-01
1.268341708542713442e-01
1.268341708542713442e-01
1.257286432160804046e-01
1.254271356783919489e-01
1.252261306532663210e-01
1.252261306532663210e-01
1.252261306532663210e-01
1.252261306532663210e-01
1.250251256281406931e-01
1.250251256281406931e-01
1.250251256281406931e-01
1.248241206030150791e-01
1.239195979899497535e-01
1.237185929648241256e-01
1.237185929648241256e-01
1.234170854271356838e-01
1.230150753768844279e-01
1.227135678391959861e-01
1.226130653266331721e-01
1.226130653266331721e-01
1.225125628140703582e-01
1.222110552763819163e-01
1.217085427135678327e-01
1.217085427135678327e-01
1.217085427135678327e-01
1.216080402010050188e-01
1.216080402010050188e-01
1.210050251256281351e-01
1.206030150753768793e-01
1.201005025125628095e-01
1.199999999999999956e-01
1.199999999999999956e-01
1.199999999999999956e-01
1.197989949748743677e-01
1.190954773869346700e-01
1.190954773869346700e-01
1.190954773869346700e-01
1.189949748743718561e-01
1.189949748743718561e-01
1.188944723618090421e-01
1.161809045226130654e-01
1.161809045226130654e-01
1.152763819095477399e-01
1.152763819095477399e-01
1.152763819095477399e-01
1.152763819095477399e-01
1.152763819095477399e-01
1.152763819095477399e-01
1.152763819095477399e-01
1.151758793969849259e-01
1.151758793969849259e-01
1.151758793969849259e-01
1.149748743718592980e-01
1.148743718592964841e-01
1.148743718592964841e-01
1.143718592964824143e-01
1.133668341708542748e-01
1.133668341708542748e-01
1.129648241206030190e-01
1.129648241206030190e-01
1.129648241206030190e-01
1.129648241206030190e-01
1.129648241206030190e-01
1.129648241206030190e-01
1.129648241206030190e-01
1.129648241206030190e-01
1.128643216080402051e-01
1.128643216080402051e-01
1.128643216080402051e-01
1.127638190954773911e-01
1.121608040201005074e-01
1.121608040201005074e-01
1.116582914572864377e-01
1.114572864321608098e-01
1.112562814070351819e-01
1.111557788944723679e-01
1.109547738693467400e-01
1.109547738693467400e-01
1.109547738693467400e-01
1.109547738693467400e-01
1.108542713567839261e-01
1.108542713567839261e-01
1.107537688442211121e-01
1.106532663316582982e-01
1.104522613065326564e-01
1.101507537688442145e-01
1.101507537688442145e-01
1.101507537688442145e-01
1.101507537688442145e-01
1.101507537688442145e-01
1.101507537688442145e-01
1.090452261306532611e-01
1.089447236180904471e-01
1.089447236180904471e-01
1.089447236180904471e-01
1.089447236180904471e-01
1.084422110552763774e-01
1.079396984924623076e-01
1.077386934673366797e-01
1.074371859296482379e-01
1.074371859296482379e-01
1.074371859296482379e-01
1.074371859296482379e-01
1.073366834170854239e-01
1.072361809045226100e-01
1.072361809045226100e-01
1.072361809045226100e-01
1.072361809045226100e-01
1.070351758793969821e-01
1.068341708542713542e-01
1.044221105527638194e-01
1.044221105527638194e-01
1.044221105527638194e-01
1.044221105527638194e-01
1.041206030150753775e-01
1.041206030150753775e-01
1.041206030150753775e-01
1.041206030150753775e-01
1.041206030150753775e-01
1.035175879396984938e-01
1.035175879396984938e-01
1.033165829145728659e-01
1.033165829145728659e-01
1.033165829145728659e-01
1.033165829145728659e-01
1.033165829145728659e-01
1.033165829145728659e-01
1.029145728643216101e-01
1.023115577889447264e-01
1.019095477386934706e-01
1.019095477386934706e-01
1.017085427135678427e-01
1.017085427135678427e-01
1.017085427135678427e-01
1.015075376884422148e-01
1.014070351758794009e-01
1.014070351758794009e-01
1.014070351758794009e-01
1.012060301507537730e-01
1.012060301507537730e-01
1.008040201005025172e-01
9.959798994974874975e-02
9.949748743718593580e-02
9.939698492462312185e-02
9.939698492462312185e-02
9.939698492462312185e-02
9.939698492462312185e-02
9.939698492462312185e-02
9.939698492462312185e-02
9.919597989949749395e-02
9.919597989949749395e-02
9.859296482412059637e-02
9.839195979899496847e-02
9.829145728643215452e-02
9.829145728643215452e-02
9.829145728643215452e-02
9.829145728643215452e-02
9.829145728643215452e-02
9.819095477386934057e-02
9.819095477386934057e-02
9.819095477386934057e-02
9.809045226130652662e-02
9.809045226130652662e-02
9.809045226130652662e-02
9.809045226130652662e-02
9.778894472361808476e-02
9.778894472361808476e-02
9.778894472361808476e-02
9.778894472361808476e-02
9.778894472361808476e-02
9.778894472361808476e-02
9.778894472361808476e-02
9.778894472361808476e-02
9.708542713567838711e-02
9.628140703517587551e-02
9.618090452261306156e-02
9.597989949748743366e-02
9.597989949748743366e-02
9.557788944723617786e-02
9.557788944723617786e-02
9.557788944723617786e-02
9.557788944723617786e-02
9.557788944723617786e-02
9.557788944723617786e-02
9.527638190954773600e-02
9.527638190954773600e-02
9.527638190954773600e-02
9.527638190954773600e-02
9.477386934673366625e-02
9.427135678391959650e-02
9.396984924623115465e-02
9.316582914572864305e-02
9.306532663316582910e-02
9.246231155778894539e-02
9.175879396984924774e-02
9.155778894472361984e-02
9.095477386934673614e-02
9.065326633165829429e-02
9.065326633165829429e-02
9.065326633165829429e-02
9.055276381909548034e-02
9.025125628140703848e-02
8.994974874371859663e-02
8.994974874371859663e-02
8.954773869346734083e-02
8.944723618090452688e-02
8.934673366834171293e-02
8.914572864321608503e-02
8.914572864321608503e-02
8.894472361809045713e-02
8.884422110552764318e-02
8.864321608040201528e-02
8.864321608040201528e-02
8.834170854271357343e-02
8.783919597989950367e-02
8.763819095477387577e-02
8.753768844221106182e-02
8.743718592964824787e-02
8.723618090452261997e-02
8.572864321608039684e-02
8.562814070351758289e-02
8.562814070351758289e-02
8.532663316582914104e-02
8.492462311557788524e-02
8.492462311557788524e-02
8.472361809045225733e-02
8.462311557788944338e-02
8.412060301507537363e-02
8.371859296482411783e-02
8.341708542713567598e-02
8.291457286432160623e-02
8.271356783919597833e-02
8.261306532663316438e-02
8.241206030150753648e-02
8.221105527638190857e-02
8.201005025125628067e-02
8.201005025125628067e-02
8.160804020100502487e-02
8.160804020100502487e-02
8.140703517587939697e-02
8.110552763819095512e-02
8.090452261306532722e-02
8.070351758793969932e-02
7.989949748743718771e-02
7.979899497487437376e-02
7.969849246231155981e-02
7.939698492462311796e-02
7.919597989949749006e-02
7.849246231155779241e-02
7.839195979899497846e-02
7.829145728643216451e-02
7.778894472361809476e-02
7.778894472361809476e-02
7.778894472361809476e-02
7.748743718592965291e-02
7.748743718592965291e-02
7.728643216080402500e-02
7.678391959798995525e-02
7.658291457286432735e-02
7.618090452261307155e-02
7.618090452261307155e-02
7.618090452261307155e-02
7.597989949748744365e-02
7.597989949748744365e-02
7.597989949748744365e-02
7.597989949748744365e-02
7.547738693467336002e-02
7.547738693467336002e-02
7.497487437185929027e-02
7.386934673366833681e-02
7.366834170854270891e-02
7.346733668341708101e-02
7.336683417085426706e-02
7.326633165829145311e-02
7.316582914572863916e-02
7.316582914572863916e-02
7.296482412060301126e-02
7.286432160804019731e-02
7.216080402010049966e-02
7.216080402010049966e-02
7.216080402010049966e-02
7.206030150753768571e-02
7.135678391959798805e-02
7.105527638190954620e-02
7.095477386934673225e-02
7.065326633165829040e-02
7.045226130653266250e-02
6.994974874371859275e-02
6.994974874371859275e-02
6.944723618090452300e-02
6.944723618090452300e-02
6.914572864321608114e-02
6.904522613065326719e-02
6.884422110552763929e-02
6.854271356783919744e-02
6.793969849246231374e-02
6.743718592964824399e-02
6.713567839195980214e-02
6.713567839195980214e-02
6.703517587939698819e-02
6.623115577889447658e-02
6.613065326633166263e-02
6.613065326633166263e-02
6.582914572864322078e-02
6.562814070351759288e-02
6.562814070351759288e-02
6.542713567839196498e-02
6.532663316582915103e-02
6.462311557788945338e-02
6.442211055276382548e-02
6.402010050251256967e-02
6.371859296482411394e-02
6.261306532663316049e-02
6.120603015075377212e-02
6.070351758793969543e-02
6.070351758793969543e-02
5.989949748743718383e-02
5.939698492462311408e-02
5.939698492462311408e-02
5.939698492462311408e-02
5.939698492462311408e-02
5.879396984924623037e-02
5.849246231155778852e-02
5.809045226130653272e-02
5.798994974874371877e-02
5.738693467336683507e-02
5.708542713567839322e-02
5.597989949748743976e-02
5.597989949748743976e-02
5.567839195979899791e-02
5.557788944723618396e-02
5.537688442211055606e-02
5.457286432160803752e-02
5.356783919597989801e-02
5.326633165829145616e-02
5.316582914572864221e-02
5.296482412060301431e-02
5.256281407035175851e-02
5.256281407035175851e-02
5.256281407035175851e-02
5.236180904522613061e-02
5.226130653266331666e-02
5.206030150753768876e-02
5.075376884422110740e-02
4.974874371859296790e-02
4.944723618090452605e-02
4.944723618090452605e-02
4.874371859296482146e-02
4.874371859296482146e-02
4.834170854271356566e-02
4.773869346733668195e-02
4.773869346733668195e-02
4.703517587939698430e-02
4.653266331658291455e-02
4.603015075376884480e-02
4.572864321608040294e-02
4.512562814070351924e-02
4.512562814070351924e-02
4.452261306532663554e-02
4.422110552763819369e-02
4.402010050251256579e-02
4.331658291457286120e-02
4.321608040201004725e-02
4.321608040201004725e-02
4.311557788944723330e-02
4.231155778894472169e-02
4.130653266331658219e-02
4.080402010050251244e-02
4.030150753768844268e-02
3.969849246231155898e-02
3.959798994974874503e-02
3.809045226130653578e-02
3.778894472361808698e-02
3.698492462311557538e-02
3.668341708542713353e-02
3.497487437185929637e-02
3.487437185929648242e-02
3.447236180904522662e-02
3.417085427135678477e-02
3.396984924623115687e-02
3.286432160804020342e-02
3.286432160804020342e-02
3.266331658291457551e-02
3.155778894472361512e-02
3.145728643216080117e-02
3.135678391959798722e-02
3.065326633165829304e-02
2.984924623115577796e-02
2.984924623115577796e-02
2.914572864321608031e-02
2.824120603015075476e-02
2.683417085427135598e-02
2.623115577889447228e-02
2.603015075376884438e-02
2.603015075376884438e-02
2.472361809045226302e-02
2.341708542713567820e-02
2.321608040201005030e-02
2.271356783919598055e-02
2.190954773869346894e-02
2.120603015075376782e-02
2.040201005025125622e-02
1.969849246231155857e-02
1.929648241206030276e-02
1.618090452261306683e-02
1.577889447236180756e-02
1.537688442211055349e-02
1.296482412060301521e-02
1.175879396984924607e-02
1.045226130653266298e-02
9.246231155778893845e-03
5.527638190954774211e-03
4.924623115577889641e-03
3.819095477386934886e-03
3.718592964824120502e-03
3.417085427135678217e-03
3.417085427135678217e-03
3.417085427135678217e-03
3.216080402010050316e-03
2.412060301507537845e-03
2.412060301507537845e-03
2.211055276381909511e-03
2.211055276381909511e-03
1.809045226130653276e-03
1.105527638190954755e-03
9.045226130653266378e-04
7.035175879396985202e-04
7.035175879396985202e-04
7.035175879396985202e-04
7.035175879396985202e-04
7.035175879396985202e-04
7.035175879396985202e-04
7.035175879396985202e-04
7.035175879396985202e-04
7.035175879396985202e-04
7.035175879396985202e-04
7.035175879396985202e-04
7.035175879396985202e-04
7.035175879396985202e-04
7.035175879396985202e-04
6.030150753768844614e-04
6.030150753768844614e-04
6.030150753768844614e-04
5.025125628140704025e-04
5.025125628140704025e-04
5.025125628140704025e-04
5.025125628140704025e-04
5.025125628140704025e-04
5.025125628140704025e-04
4.020100502512562895e-04
4.020100502512562895e-04
4.020100502512562895e-04
4.020100502512562895e-04
4.020100502512562895e-04
4.020100502512562895e-04
4.020100502512562895e-04
4.020100502512562895e-04
4.020100502512562895e-04
4.020100502512562895e-04
4.020100502512562895e-04
3.015075376884422307e-04
2.010050251256281448e-04
2.010050251256281448e-04
2.010050251256281448e-04
2.010050251256281448e-04
2.010050251256281448e-04
2.010050251256281448e-04
2.010050251256281448e-04
2.010050251256281448e-04
2.010050251256281448e-04
2.010050251256281448e-04
2.010050251256281448e-04
2.010050251256281448e-04
2.010050251256281448e-04
2.010050251256281448e-04
2.010050251256281448e-04
2.010050251256281448e-04
2.010050251256281448e-04
2.010050251256281448e-04
2.010050251256281448e-04
2.010050251256281448e-04
2.010050251256281448e-04
2.010050251256281448e-04
2.010050251256281448e-04
2.010050251256281448e-04
2.010050251256281448e-04
2.010050251256281448e-04
2.010050251256281448e-04
2.010050251256281448e-04
2.010050251256281448e-04
2.010050251256281448e-04
1.005025125628140724e-04
1.005025125628140724e-04
1.005025125628140724e-04
0.000000000000000000e+00
