9.994391475042063711e-01
9.960740325294447084e-01
9.949523275378575615e-01
9.949523275378575615e-01
9.949523275378575615e-01
9.943914750420639326e-01
9.938306225462703036e-01
9.932697700504766747e-01
9.915872125630958989e-01
9.910263600673022699e-01
9.910263600673022699e-01
9.910263600673022699e-01
9.910263600673022699e-01
9.899046550757151230e-01
9.899046550757151230e-01
9.899046550757151230e-01
9.899046550757151230e-01
9.899046550757151230e-01
9.899046550757151230e-01
9.899046550757151230e-01
9.899046550757151230e-01
9.887829500841278652e-01
9.882220975883342362e-01
9.876612450925406073e-01
9.871003925967470893e-01
9.871003925967470893e-01
9.865395401009534604e-01
9.865395401009534604e-01
9.859786876051598314e-01
9.859786876051598314e-01
9.859786876051598314e-01
9.859786876051598314e-01
9.859786876051598314e-01
9.859786876051598314e-01
9.859786876051598314e-01
9.859786876051598314e-01
9.859786876051598314e-01
9.859786876051598314e-01
9.859786876051598314e-01
9.854178351093662025e-01
9.854178351093662025e-01
9.854178351093662025e-01
9.854178351093662025e-01
9.854178351093662025e-01
9.854178351093662025e-01
9.854178351093662025e-01
9.854178351093662025e-01
9.854178351093662025e-01
9.848569826135726846e-01
9.848569826135726846e-01
9.848569826135726846e-01
9.842961301177790556e-01
9.831744251261917977e-01
9.831744251261917977e-01
9.803701626472237640e-01
9.803701626472237640e-01
9.803701626472237640e-01
9.798093101514301351e-01
9.786876051598429882e-01
9.786876051598429882e-01
9.786876051598429882e-01
9.786876051598429882e-01
9.775659001682557303e-01
9.775659001682557303e-01
9.770050476724621014e-01
9.764441951766685834e-01
9.764441951766685834e-01
9.764441951766685834e-01
9.753224901850813255e-01
9.753224901850813255e-01
9.753224901850813255e-01
9.747616376892876966e-01
9.747616376892876966e-01
9.742007851934940676e-01
9.736399326977005497e-01
9.736399326977005497e-01
9.736399326977005497e-01
9.725182277061132918e-01
9.708356702187325160e-01
9.691531127313516292e-01
9.674705552439708534e-01
9.669097027481772244e-01
9.669097027481772244e-01
9.652271452607964486e-01
9.652271452607964486e-01
9.652271452607964486e-01
9.641054402692091907e-01
9.641054402692091907e-01
9.641054402692091907e-01
9.635445877734155617e-01
9.635445877734155617e-01
9.635445877734155617e-01
9.629837352776219328e-01
9.629837352776219328e-01
9.624228827818284149e-01
9.624228827818284149e-01
9.624228827818284149e-01
9.624228827818284149e-01
9.624228827818284149e-01
9.624228827818284149e-01
9.624228827818284149e-01
9.618620302860347859e-01
9.607403252944475280e-01
9.596186203028603812e-01
9.590577678070667522e-01
9.590577678070667522e-01
9.590577678070667522e-01
9.584969153112731233e-01
9.584969153112731233e-01
9.584969153112731233e-01
9.584969153112731233e-01
9.584969153112731233e-01
9.584969153112731233e-01
9.584969153112731233e-01
9.584969153112731233e-01
9.584969153112731233e-01
9.584969153112731233e-01
9.584969153112731233e-01
9.584969153112731233e-01
9.584969153112731233e-01
9.584969153112731233e-01
9.584969153112731233e-01
9.584969153112731233e-01
9.584969153112731233e-01
9.584969153112731233e-01
9.584969153112731233e-01
9.584969153112731233e-01
9.584969153112731233e-01
9.584969153112731233e-01
9.584969153112731233e-01
9.584969153112731233e-01
9.584969153112731233e-01
9.584969153112731233e-01
9.584969153112731233e-01
9.584969153112731233e-01
9.584969153112731233e-01
9.584969153112731233e-01
9.584969153112731233e-01
9.584969153112731233e-01
9.584969153112731233e-01
8.872686483454851336e-01
8.872686483454851336e-01
8.872686483454851336e-01
8.872686483454851336e-01
8.872686483454851336e-01
8.872686483454851336e-01
8.872686483454851336e-01
8.872686483454851336e-01
8.872686483454851336e-01
8.872686483454851336e-01
8.872686483454851336e-01
8.872686483454851336e-01
8.872686483454851336e-01
8.872686483454851336e-01
8.872686483454851336e-01
8.872686483454851336e-01
8.872686483454851336e-01
8.872686483454851336e-01
8.872686483454851336e-01
8.872686483454851336e-01
8.872686483454851336e-01
8.872686483454851336e-01
8.872686483454851336e-01
8.872686483454851336e-01
8.872686483454851336e-01
8.872686483454851336e-01
8.872686483454851336e-01
8.872686483454851336e-01
8.872686483454851336e-01
8.872686483454851336e-01
8.872686483454851336e-01
8.872686483454851336e-01
8.872686483454851336e-01
8.872686483454851336e-01
8.872686483454851336e-01
8.872686483454851336e-01
8.872686483454851336e-01
8.872686483454851336e-01
8.872686483454851336e-01
8.872686483454851336e-01
8.867077958496915047e-01
8.867077958496915047e-01
8.867077958496915047e-01
8.867077958496915047e-01
8.867077958496915047e-01
8.867077958496915047e-01
8.867077958496915047e-01
8.867077958496915047e-01
8.867077958496915047e-01
8.867077958496915047e-01
8.867077958496915047e-01
8.867077958496915047e-01
8.867077958496915047e-01
8.867077958496915047e-01
8.867077958496915047e-01
8.867077958496915047e-01
8.867077958496915047e-01
8.867077958496915047e-01
8.867077958496915047e-01
8.867077958496915047e-01
8.867077958496915047e-01
8.867077958496915047e-01
8.861469433538978757e-01
8.861469433538978757e-01
8.861469433538978757e-01
8.861469433538978757e-01
8.861469433538978757e-01
8.861469433538978757e-01
8.861469433538978757e-01
8.861469433538978757e-01
8.861469433538978757e-01
8.861469433538978757e-01
8.861469433538978757e-01
8.861469433538978757e-01
8.855860908581043578e-01
8.855860908581043578e-01
8.855860908581043578e-01
8.855860908581043578e-01
8.855860908581043578e-01
8.855860908581043578e-01
8.855860908581043578e-01
8.855860908581043578e-01
8.855860908581043578e-01
8.855860908581043578e-01
8.855860908581043578e-01
8.855860908581043578e-01
8.855860908581043578e-01
8.850252383623107288e-01
8.850252383623107288e-01
8.839035333707234710e-01
8.839035333707234710e-01
8.839035333707234710e-01
8.839035333707234710e-01
8.839035333707234710e-01
8.833426808749298420e-01
8.833426808749298420e-01
8.833426808749298420e-01
8.833426808749298420e-01
8.833426808749298420e-01
8.833426808749298420e-01
8.822209758833426951e-01
8.822209758833426951e-01
8.822209758833426951e-01
8.822209758833426951e-01
8.822209758833426951e-01
8.816601233875490662e-01
8.816601233875490662e-01
8.816601233875490662e-01
8.816601233875490662e-01
8.816601233875490662e-01
8.816601233875490662e-01
8.816601233875490662e-01
8.816601233875490662e-01
8.816601233875490662e-01
8.816601233875490662e-01
8.816601233875490662e-01
8.805384183959618083e-01
8.805384183959618083e-01
8.805384183959618083e-01
8.805384183959618083e-01
8.805384183959618083e-01
8.805384183959618083e-01
8.799775659001682904e-01
8.799775659001682904e-01
8.782950084127874035e-01
8.782950084127874035e-01
8.782950084127874035e-01
8.782950084127874035e-01
8.782950084127874035e-01
8.782950084127874035e-01
8.782950084127874035e-01
8.782950084127874035e-01
8.782950084127874035e-01
8.782950084127874035e-01
8.782950084127874035e-01
8.782950084127874035e-01
8.782950084127874035e-01
8.771733034212002567e-01
8.771733034212002567e-01
8.766124509254066277e-01
8.766124509254066277e-01
8.766124509254066277e-01
8.766124509254066277e-01
8.766124509254066277e-01
8.766124509254066277e-01
8.766124509254066277e-01
8.766124509254066277e-01
8.760515984296129988e-01
8.760515984296129988e-01
8.760515984296129988e-01
8.760515984296129988e-01
8.760515984296129988e-01
8.754907459338193698e-01
8.754907459338193698e-01
8.754907459338193698e-01
8.754907459338193698e-01
8.754907459338193698e-01
8.754907459338193698e-01
8.754907459338193698e-01
8.754907459338193698e-01
8.754907459338193698e-01
8.749298934380258519e-01
8.749298934380258519e-01
8.749298934380258519e-01
8.749298934380258519e-01
8.704430734716769313e-01
8.704430734716769313e-01
8.704430734716769313e-01
8.704430734716769313e-01
8.704430734716769313e-01
8.704430734716769313e-01
8.693213684800897845e-01
8.693213684800897845e-01
8.693213684800897845e-01
8.693213684800897845e-01
8.687605159842961555e-01
8.687605159842961555e-01
8.687605159842961555e-01
8.687605159842961555e-01
8.687605159842961555e-01
8.687605159842961555e-01
8.676388109927088976e-01
8.676388109927088976e-01
8.676388109927088976e-01
8.676388109927088976e-01
8.676388109927088976e-01
8.665171060011217508e-01
8.665171060011217508e-01
8.665171060011217508e-01
8.665171060011217508e-01
8.665171060011217508e-01
8.665171060011217508e-01
8.637128435221537170e-01
8.637128435221537170e-01
8.637128435221537170e-01
8.637128435221537170e-01
8.637128435221537170e-01
8.637128435221537170e-01
8.637128435221537170e-01
8.637128435221537170e-01
8.631519910263600881e-01
8.631519910263600881e-01
8.631519910263600881e-01
8.631519910263600881e-01
8.631519910263600881e-01
8.631519910263600881e-01
8.631519910263600881e-01
8.625911385305664592e-01
8.625911385305664592e-01
8.625911385305664592e-01
8.625911385305664592e-01
8.625911385305664592e-01
8.625911385305664592e-01
8.625911385305664592e-01
8.625911385305664592e-01
8.558609085810431338e-01
8.558609085810431338e-01
8.553000560852496159e-01
8.553000560852496159e-01
8.553000560852496159e-01
8.553000560852496159e-01
8.553000560852496159e-01
8.553000560852496159e-01
8.480089736399326616e-01
8.480089736399326616e-01
8.480089736399326616e-01
8.480089736399326616e-01
8.480089736399326616e-01
8.480089736399326616e-01
8.480089736399326616e-01
8.480089736399326616e-01
8.373527762198541557e-01
8.373527762198541557e-01
8.373527762198541557e-01
8.373527762198541557e-01
8.373527762198541557e-01
8.373527762198541557e-01
8.373527762198541557e-01
8.373527762198541557e-01
8.373527762198541557e-01
8.351093662366797510e-01
8.351093662366797510e-01
8.351093662366797510e-01
8.351093662366797510e-01
8.351093662366797510e-01
8.351093662366797510e-01
8.351093662366797510e-01
8.351093662366797510e-01
8.351093662366797510e-01
8.351093662366797510e-01
8.283791362871564257e-01
8.283791362871564257e-01
8.283791362871564257e-01
8.278182837913629077e-01
8.278182837913629077e-01
8.278182837913629077e-01
8.278182837913629077e-01
8.278182837913629077e-01
8.278182837913629077e-01
8.278182837913629077e-01
8.278182837913629077e-01
8.222097588334268403e-01
8.222097588334268403e-01
8.222097588334268403e-01
8.222097588334268403e-01
8.222097588334268403e-01
8.222097588334268403e-01
8.222097588334268403e-01
8.222097588334268403e-01
8.222097588334268403e-01
8.216489063376332114e-01
8.216489063376332114e-01
8.216489063376332114e-01
8.143578238923163681e-01
8.143578238923163681e-01
8.143578238923163681e-01
8.143578238923163681e-01
8.143578238923163681e-01
8.143578238923163681e-01
8.137969713965227392e-01
8.137969713965227392e-01
8.137969713965227392e-01
8.137969713965227392e-01
8.137969713965227392e-01
8.137969713965227392e-01
8.093101514301738186e-01
8.093101514301738186e-01
8.093101514301738186e-01
8.087492989343803007e-01
8.087492989343803007e-01
8.087492989343803007e-01
8.087492989343803007e-01
8.087492989343803007e-01
8.087492989343803007e-01
8.087492989343803007e-01
8.087492989343803007e-01
8.087492989343803007e-01
8.087492989343803007e-01
8.008973639932697175e-01
8.008973639932697175e-01
8.008973639932697175e-01
8.008973639932697175e-01
8.008973639932697175e-01
8.008973639932697175e-01
8.008973639932697175e-01
8.003365114974761996e-01
8.003365114974761996e-01
8.003365114974761996e-01
8.003365114974761996e-01
8.003365114974761996e-01
8.003365114974761996e-01
8.003365114974761996e-01
8.003365114974761996e-01
7.863151991026360310e-01
7.863151991026360310e-01
7.863151991026360310e-01
7.863151991026360310e-01
7.863151991026360310e-01
7.863151991026360310e-01
7.863151991026360310e-01
7.863151991026360310e-01
7.863151991026360310e-01
7.863151991026360310e-01
7.863151991026360310e-01
7.846326416152551442e-01
7.846326416152551442e-01
7.846326416152551442e-01
7.846326416152551442e-01
7.846326416152551442e-01
7.829500841278743684e-01
7.829500841278743684e-01
7.829500841278743684e-01
7.829500841278743684e-01
7.829500841278743684e-01
7.829500841278743684e-01
7.829500841278743684e-01
7.829500841278743684e-01
7.829500841278743684e-01
7.829500841278743684e-01
7.829500841278743684e-01
7.829500841278743684e-01
7.829500841278743684e-01
7.829500841278743684e-01
7.829500841278743684e-01
7.750981491867638962e-01
7.750981491867638962e-01
7.750981491867638962e-01
7.750981491867638962e-01
7.750981491867638962e-01
7.750981491867638962e-01
7.750981491867638962e-01
7.750981491867638962e-01
7.750981491867638962e-01
7.750981491867638962e-01
7.750981491867638962e-01
7.750981491867638962e-01
7.750981491867638962e-01
7.750981491867638962e-01
7.750981491867638962e-01
7.750981491867638962e-01
7.750981491867638962e-01
7.750981491867638962e-01
7.750981491867638962e-01
7.487380818844643349e-01
7.487380818844643349e-01
7.487380818844643349e-01
7.487380818844643349e-01
7.487380818844643349e-01
7.481772293886708169e-01
7.481772293886708169e-01
7.481772293886708169e-01
7.481772293886708169e-01
7.481772293886708169e-01
7.476163768928771880e-01
7.476163768928771880e-01
7.476163768928771880e-01
7.476163768928771880e-01
7.476163768928771880e-01
7.476163768928771880e-01
7.470555243970835591e-01
7.470555243970835591e-01
7.470555243970835591e-01
7.414469994391474916e-01
7.414469994391474916e-01
7.414469994391474916e-01
7.414469994391474916e-01
7.414469994391474916e-01
7.414469994391474916e-01
7.414469994391474916e-01
7.414469994391474916e-01
7.414469994391474916e-01
7.414469994391474916e-01
7.414469994391474916e-01
7.403252944475603448e-01
7.403252944475603448e-01
7.403252944475603448e-01
7.403252944475603448e-01
7.403252944475603448e-01
7.403252944475603448e-01
7.392035894559730869e-01
7.392035894559730869e-01
7.392035894559730869e-01
7.392035894559730869e-01
7.392035894559730869e-01
7.392035894559730869e-01
7.375210319685923110e-01
7.375210319685923110e-01
7.375210319685923110e-01
7.375210319685923110e-01
7.375210319685923110e-01
7.375210319685923110e-01
7.352776219854177953e-01
7.352776219854177953e-01
7.352776219854177953e-01
7.352776219854177953e-01
7.352776219854177953e-01
7.335950644980370194e-01
7.335950644980370194e-01
7.330342120022433905e-01
7.330342120022433905e-01
7.330342120022433905e-01
7.330342120022433905e-01
7.330342120022433905e-01
7.324733595064497615e-01
7.324733595064497615e-01
7.324733595064497615e-01
7.324733595064497615e-01
7.324733595064497615e-01
7.324733595064497615e-01
7.274256870443073231e-01
7.274256870443073231e-01
7.274256870443073231e-01
7.274256870443073231e-01
7.274256870443073231e-01
7.274256870443073231e-01
7.268648345485136941e-01
7.268648345485136941e-01
7.268648345485136941e-01
7.268648345485136941e-01
7.268648345485136941e-01
7.268648345485136941e-01
7.268648345485136941e-01
7.251822770611329183e-01
7.251822770611329183e-01
7.251822770611329183e-01
7.251822770611329183e-01
7.251822770611329183e-01
7.251822770611329183e-01
7.251822770611329183e-01
7.201346045989904798e-01
7.195737521031968509e-01
7.195737521031968509e-01
7.195737521031968509e-01
7.195737521031968509e-01
7.195737521031968509e-01
7.195737521031968509e-01
7.195737521031968509e-01
7.167694896242288172e-01
7.167694896242288172e-01
7.167694896242288172e-01
7.167694896242288172e-01
7.167694896242288172e-01
7.167694896242288172e-01
7.167694896242288172e-01
7.167694896242288172e-01
7.167694896242288172e-01
7.167694896242288172e-01
7.167694896242288172e-01
7.167694896242288172e-01
7.167694896242288172e-01
7.167694896242288172e-01
7.167694896242288172e-01
7.167694896242288172e-01
7.167694896242288172e-01
7.156477846326416703e-01
7.156477846326416703e-01
7.156477846326416703e-01
7.156477846326416703e-01
7.150869321368480414e-01
7.150869321368480414e-01
7.066741446999439402e-01
7.066741446999439402e-01
7.066741446999439402e-01
7.066741446999439402e-01
7.066741446999439402e-01
7.066741446999439402e-01
7.066741446999439402e-01
7.066741446999439402e-01
7.066741446999439402e-01
7.016264722378015017e-01
7.010656197420078728e-01
7.010656197420078728e-01
7.010656197420078728e-01
7.010656197420078728e-01
7.010656197420078728e-01
7.010656197420078728e-01
7.010656197420078728e-01
7.005047672462142438e-01
6.982613572630398391e-01
6.982613572630398391e-01
6.982613572630398391e-01
6.982613572630398391e-01
6.982613572630398391e-01
6.982613572630398391e-01
6.982613572630398391e-01
6.982613572630398391e-01
6.982613572630398391e-01
6.982613572630398391e-01
6.948962422882781764e-01
6.948962422882781764e-01
6.948962422882781764e-01
6.948962422882781764e-01
6.948962422882781764e-01
6.948962422882781764e-01
6.948962422882781764e-01
6.948962422882781764e-01
6.948962422882781764e-01
6.948962422882781764e-01
6.920919798093101427e-01
6.920919798093101427e-01
6.920919798093101427e-01
6.920919798093101427e-01
6.920919798093101427e-01
6.920919798093101427e-01
6.920919798093101427e-01
6.920919798093101427e-01
6.920919798093101427e-01
6.920919798093101427e-01
6.892877173303421090e-01
6.892877173303421090e-01
6.892877173303421090e-01
6.892877173303421090e-01
6.892877173303421090e-01
6.892877173303421090e-01
6.881660123387549621e-01
6.881660123387549621e-01
6.881660123387549621e-01
6.881660123387549621e-01
6.881660123387549621e-01
6.881660123387549621e-01
6.831183398766124126e-01
6.831183398766124126e-01
6.831183398766124126e-01
6.831183398766124126e-01
6.831183398766124126e-01
6.831183398766124126e-01
6.831183398766124126e-01
6.825574873808188947e-01
6.825574873808188947e-01
6.825574873808188947e-01
6.825574873808188947e-01
6.786315199102636031e-01
6.786315199102636031e-01
6.786315199102636031e-01
6.786315199102636031e-01
6.786315199102636031e-01
6.786315199102636031e-01
6.786315199102636031e-01
6.786315199102636031e-01
6.786315199102636031e-01
6.780706674144699742e-01
6.780706674144699742e-01
6.780706674144699742e-01
6.780706674144699742e-01
6.679753224901850972e-01
6.679753224901850972e-01
6.679753224901850972e-01
6.679753224901850972e-01
6.679753224901850972e-01
6.679753224901850972e-01
6.679753224901850972e-01
6.679753224901850972e-01
6.679753224901850972e-01
6.679753224901850972e-01
6.679753224901850972e-01
6.679753224901850972e-01
6.679753224901850972e-01
6.612450925406617719e-01
6.612450925406617719e-01
6.612450925406617719e-01
6.612450925406617719e-01
6.612450925406617719e-01
6.612450925406617719e-01
6.612450925406617719e-01
6.612450925406617719e-01
6.612450925406617719e-01
6.612450925406617719e-01
6.612450925406617719e-01
6.612450925406617719e-01
6.612450925406617719e-01
6.612450925406617719e-01
6.612450925406617719e-01
6.612450925406617719e-01
6.550757150869321865e-01
6.550757150869321865e-01
6.550757150869321865e-01
6.550757150869321865e-01
6.550757150869321865e-01
6.545148625911385576e-01
6.545148625911385576e-01
6.545148625911385576e-01
6.545148625911385576e-01
6.545148625911385576e-01
6.545148625911385576e-01
6.533931575995512997e-01
6.533931575995512997e-01
6.533931575995512997e-01
6.533931575995512997e-01
6.533931575995512997e-01
6.461020751542344565e-01
6.461020751542344565e-01
6.461020751542344565e-01
6.461020751542344565e-01
6.461020751542344565e-01
6.461020751542344565e-01
6.461020751542344565e-01
6.461020751542344565e-01
6.461020751542344565e-01
6.461020751542344565e-01
6.461020751542344565e-01
6.461020751542344565e-01
6.461020751542344565e-01
6.461020751542344565e-01
6.461020751542344565e-01
6.343241727425686927e-01
6.343241727425686927e-01
6.343241727425686927e-01
6.332024677509815458e-01
6.332024677509815458e-01
6.332024677509815458e-01
6.332024677509815458e-01
6.332024677509815458e-01
6.332024677509815458e-01
6.332024677509815458e-01
6.332024677509815458e-01
6.332024677509815458e-01
6.332024677509815458e-01
6.332024677509815458e-01
6.332024677509815458e-01
6.332024677509815458e-01
6.332024677509815458e-01
6.236679753224901868e-01
6.236679753224901868e-01
6.236679753224901868e-01
6.236679753224901868e-01
6.236679753224901868e-01
6.236679753224901868e-01
6.236679753224901868e-01
6.236679753224901868e-01
6.236679753224901868e-01
6.186203028603477483e-01
6.186203028603477483e-01
6.186203028603477483e-01
6.186203028603477483e-01
6.186203028603477483e-01
6.186203028603477483e-01
6.186203028603477483e-01
6.186203028603477483e-01
6.186203028603477483e-01
6.163768928771733435e-01
6.096466629276500182e-01
6.096466629276500182e-01
6.096466629276500182e-01
6.096466629276500182e-01
6.096466629276500182e-01
6.096466629276500182e-01
6.096466629276500182e-01
6.090858104318563893e-01
6.090858104318563893e-01
6.090858104318563893e-01
6.090858104318563893e-01
6.090858104318563893e-01
6.090858104318563893e-01
6.090858104318563893e-01
6.090858104318563893e-01
6.090858104318563893e-01
6.090858104318563893e-01
6.068424004486819845e-01
6.068424004486819845e-01
6.068424004486819845e-01
6.012338754907459171e-01
6.012338754907459171e-01
6.012338754907459171e-01
6.012338754907459171e-01
6.012338754907459171e-01
6.012338754907459171e-01
6.012338754907459171e-01
5.961862030286034786e-01
5.961862030286034786e-01
5.614133482893999272e-01
5.496354458777341634e-01
5.457094784071788718e-01
5.457094784071788718e-01
5.445877734155917249e-01
5.384183959618620285e-01
5.356141334828939948e-01
5.249579360628154889e-01
5.204711160964666794e-01
5.165451486259113878e-01
5.109366236679753204e-01
5.070106561974200288e-01
5.070106561974200288e-01
4.991587212563096121e-01
4.806505888951205785e-01
4.789680314077397472e-01
4.772854739203589713e-01
4.694335389792484436e-01
4.683118339876612413e-01
4.677509814918676123e-01
4.627033090297251738e-01
4.627033090297251738e-01
4.627033090297251738e-01
4.509254066180594656e-01
4.492428491306786342e-01
4.481211441390914318e-01
4.475602916432978029e-01
4.425126191811553644e-01
4.408300616937745331e-01
4.340998317442512633e-01
4.284913067863151959e-01
4.284913067863151959e-01
4.279304542905215669e-01
4.279304542905215669e-01
4.279304542905215669e-01
4.178351093662366900e-01
4.127874369040941960e-01
4.127874369040941960e-01
4.127874369040941960e-01
4.077397644419517575e-01
4.077397644419517575e-01
4.060572069545709262e-01
4.043746494671901504e-01
4.021312394840156901e-01
4.015703869882221166e-01
4.015703869882221166e-01
4.004486819966348587e-01
4.004486819966348587e-01
3.998878295008412853e-01
3.998878295008412853e-01
3.982052720134604540e-01
3.970835670218732516e-01
3.970835670218732516e-01
3.970835670218732516e-01
3.937184520471115889e-01
3.931575995513180155e-01
3.931575995513180155e-01
3.858665171060011168e-01
3.858665171060011168e-01
3.825014021312395096e-01
3.802579921480650493e-01
3.796971396522714759e-01
3.796971396522714759e-01
3.796971396522714759e-01
3.729669097027481506e-01
3.729669097027481506e-01
3.724060572069545771e-01
3.544587773415591725e-01
3.544587773415591725e-01
3.544587773415591725e-01
3.488502523836231051e-01
3.488502523836231051e-01
3.488502523836231051e-01
3.438025799214806666e-01
3.415591699383062063e-01
3.415591699383062063e-01
3.393157599551318016e-01
3.381940549635445992e-01
3.381940549635445992e-01
3.381940549635445992e-01
3.381940549635445992e-01
3.381940549635445992e-01
3.314638250140213294e-01
3.309029725182277004e-01
3.269770050476724643e-01
3.269770050476724643e-01
3.236118900729108017e-01
3.168816601233875319e-01
3.151991026360067560e-01
3.151991026360067560e-01
3.151991026360067560e-01
3.107122826696578910e-01
3.107122826696578910e-01
3.095905776780706886e-01
3.095905776780706886e-01
3.045429052159281946e-01
3.039820527201346212e-01
3.034212002243409922e-01
2.972518227706113514e-01
2.944475602916433177e-01
2.944475602916433177e-01
2.910824453168816550e-01
2.910824453168816550e-01
2.865956253505327900e-01
2.865956253505327900e-01
2.860347728547392165e-01
2.798653954010095202e-01
2.798653954010095202e-01
2.725743129556926769e-01
2.624789680314077445e-01
2.602355580482333397e-01
2.579921480650588794e-01
2.579921480650588794e-01
2.546270330902972723e-01
2.546270330902972723e-01
2.529444756029164409e-01
2.529444756029164409e-01
2.529444756029164409e-01
2.507010656197419807e-01
2.417274256870443061e-01
2.406057206954571037e-01
2.400448681996634748e-01
2.400448681996634748e-01
2.400448681996634748e-01
2.394840157038698736e-01
2.394840157038698736e-01
2.389231632080762724e-01
2.389231632080762724e-01
2.243409983174425026e-01
2.243409983174425026e-01
2.226584408300616991e-01
2.220975883342680979e-01
2.220975883342680979e-01
2.204150308468872665e-01
2.097588334268087606e-01
2.097588334268087606e-01
1.777902411665731874e-01
1.749859786876051537e-01
1.721817162086371200e-01
1.721817162086371200e-01
1.721817162086371200e-01
1.721817162086371200e-01
1.553561413348289455e-01
1.553561413348289455e-01
1.553561413348289455e-01
1.525518788558609118e-01
1.491867638810992769e-01
1.486259113853056757e-01
1.486259113853056757e-01
1.475042063937184456e-01
1.475042063937184456e-01
1.441390914189568107e-01
1.278743690409422373e-01
1.278743690409422373e-01
1.228266965787997711e-01
1.205832865956253525e-01
1.205832865956253525e-01
1.200224340998317374e-01
1.177790241166573187e-01
1.076836791923724002e-01
1.060011217049915827e-01
1.015143017386427315e-01
9.758833426808749545e-02
9.029725182277061057e-02
8.749298934380257686e-02
7.347167694896242218e-02
7.122826696578800354e-02
6.898485698261357102e-02
5.945036455412226750e-02
1.402131239484015642e-02
0.000000000000000000e+00
