1.000000000000000000e+00
9.764824120603015079e-01
9.588944723618090249e-01
9.481407035175879461e-01
9.353768844221105327e-01
9.234170854271356310e-01
9.117587939698492683e-01
9.036180904522612689e-01
8.945728643216079856e-01
8.829145728643216229e-01
8.719597989949748884e-01
8.681407035175879860e-01
8.592964824120602474e-01
8.536683417085426662e-01
8.448241206030150385e-01
8.363819095477387222e-01
8.319597989949748529e-01
8.282412060301507228e-01
8.247236180904522485e-01
8.211055276381910017e-01
8.168844221105527881e-01
8.122613065326632631e-01
8.071356783919597655e-01
8.032160804020100908e-01
7.987939698492462215e-01
7.932663316582914126e-01
7.894472361809045102e-01
7.870351758793969754e-01
7.828140703517587617e-01
7.798994974874371433e-01
7.778894472361809198e-01
7.746733668341708734e-01
7.702512562814070041e-01
7.673366834170853856e-01
7.641206030150753392e-01
7.594974874371859253e-01
7.579899497487436744e-01
7.551758793969849393e-01
7.510552763819094979e-01
7.486432160804019631e-01
7.461306532663316560e-01
7.447236180904522884e-01
7.423115577889447536e-01
7.399999999999999911e-01
7.377889447236181120e-01
7.336683417085426706e-01
7.305527638190955075e-01
7.257286432160804379e-01
7.209045226130653683e-01
7.183919597989949501e-01
7.144723618090452755e-01
7.119597989949748573e-01
7.073366834170854434e-01
7.052261306532663365e-01
7.034170854271356577e-01
6.995979899497487553e-01
6.961809045226130532e-01
6.916582914572864116e-01
6.894472361809045324e-01
6.852261306532663188e-01
6.822110552763819280e-01
6.796984924623115099e-01
6.765829145728643468e-01
6.743718592964823566e-01
6.736683417085427283e-01
6.692462311557788590e-01
6.675376884422110635e-01
6.634170854271357332e-01
6.612060301507537430e-01
6.598994974874371477e-01
6.566834170854271013e-01
6.528643216080401990e-01
6.495477386934673802e-01
6.462311557788944505e-01
6.411055276381909529e-01
6.378894472361809065e-01
6.298492462311557905e-01
6.226130653266331860e-01
6.168844221105527215e-01
6.078391959798995492e-01
6.012060301507538007e-01
5.960804020100503031e-01
5.928643216080401457e-01
5.786934673366833648e-01
5.711557788944723324e-01
5.666331658291456908e-01
5.622110552763819324e-01
5.537688442211055051e-01
5.507537688442211143e-01
5.479396984924622682e-01
5.444221105527637938e-01
5.405025125628141192e-01
5.367839195979899891e-01
5.328643216080402034e-01
5.289447236180904177e-01
5.265326633165828829e-01
5.234170854271357198e-01
5.211055276381909573e-01
5.194974874371859341e-01
5.188944723618090782e-01
5.174874371859295996e-01
5.153768844221106038e-01
5.148743718592965202e-01
5.148743718592965202e-01
5.145728643216080922e-01
5.143718592964824365e-01
5.140703517587940086e-01
5.140703517587940086e-01
5.136683417085426973e-01
5.134673366834170416e-01
5.127638190954774133e-01
5.123618090452261020e-01
5.122613065326633297e-01
5.119597989949749017e-01
5.117587939698492461e-01
5.112562814070351624e-01
5.111557788944723901e-01
5.111557788944723901e-01
5.110552763819095068e-01
5.110552763819095068e-01
5.110552763819095068e-01
5.104522613065326508e-01
5.103517587939698785e-01
5.095477386934673669e-01
5.095477386934673669e-01
5.094472361809044836e-01
5.094472361809044836e-01
5.092462311557789389e-01
4.829145728643216007e-01
4.452261306532663276e-01
4.352763819095477604e-01
4.253266331658291377e-01
4.223115577889447469e-01
4.123618090452261242e-01
4.059296482412060314e-01
3.981909547738693433e-01
3.924623115577889343e-01
3.892462311557788879e-01
3.865326633165829251e-01
3.832160804020100509e-01
3.809045226130653439e-01
3.792964824120603207e-01
3.783919597989949812e-01
3.770854271356783860e-01
3.759798994974874464e-01
3.743718592964824232e-01
3.741708542713567676e-01
3.741708542713567676e-01
3.736683417085427394e-01
3.734673366834170838e-01
3.729648241206030002e-01
3.725628140703517444e-01
3.721608040201004886e-01
3.718592964824120606e-01
3.716582914572864049e-01
3.713567839195979770e-01
3.706532663316582932e-01
3.695477386934673536e-01
3.693467336683416979e-01
3.693467336683416979e-01
3.693467336683416979e-01
3.691457286432160978e-01
3.684422110552763585e-01
3.676381909547738469e-01
3.676381909547738469e-01
3.675376884422110746e-01
3.674371859296482468e-01
3.674371859296482468e-01
3.672361809045225911e-01
3.672361809045225911e-01
3.667336683417085630e-01
3.663316582914573072e-01
3.662311557788944794e-01
3.658291457286432236e-01
3.654271356783919678e-01
3.647236180904522840e-01
3.647236180904522840e-01
3.646231155778894562e-01
3.643216080402010282e-01
3.640201005025125447e-01
3.637185929648241167e-01
3.630150753768844329e-01
3.623115577889447492e-01
3.615075376884422376e-01
3.612060301507537541e-01
3.604020100502512425e-01
3.596984924623115587e-01
3.596984924623115587e-01
3.593969849246231307e-01
3.592964824120603029e-01
3.587939698492462193e-01
3.577889447236181075e-01
3.572864321608040239e-01
3.570854271356783682e-01
3.559798994974874287e-01
3.553768844221105727e-01
3.550753768844220892e-01
3.543718592964824055e-01
3.534673366834170660e-01
3.530653266331658102e-01
3.529648241206030379e-01
3.526633165829145544e-01
3.516582914572864427e-01
3.514572864321607870e-01
3.510552763819095312e-01
3.507537688442211032e-01
3.502512562814070196e-01
3.494472361809045080e-01
3.487437185929648242e-01
3.483417085427135684e-01
3.477386934673366570e-01
3.466331658291457174e-01
3.460301507537688614e-01
3.455276381909547778e-01
3.449246231155778664e-01
3.448241206030150940e-01
3.444221105527638382e-01
3.440201005025125824e-01
3.438190954773869268e-01
3.438190954773869268e-01
3.434170854271356710e-01
3.430150753768844152e-01
3.429145728643215874e-01
3.426130653266331594e-01
3.425125628140703316e-01
3.422110552763819036e-01
3.414070351758793920e-01
3.408040201005025360e-01
3.406030150753768804e-01
3.400000000000000244e-01
3.400000000000000244e-01
3.398994974874371966e-01
3.397989949748743688e-01
3.391959798994975128e-01
3.387939698492462570e-01
3.381909547738693456e-01
3.376884422110552619e-01
3.365829145728643224e-01
3.363819095477386667e-01
3.361809045226130666e-01
3.360804020100502387e-01
3.354773869346733828e-01
3.338693467336683596e-01
3.338693467336683596e-01
3.330653266331658480e-01
3.324623115577889365e-01
3.316582914572864249e-01
3.312562814070351691e-01
3.300502512562814017e-01
3.296482412060301459e-01
3.285427135678392063e-01
3.278391959798995225e-01
3.278391959798995225e-01
3.274371859296482667e-01
3.262311557788944993e-01
3.257286432160804157e-01
3.255276381909547601e-01
3.237185929648241367e-01
3.234170854271356532e-01
3.234170854271356532e-01
3.220100502512562857e-01
3.208040201005025183e-01
3.208040201005025183e-01
3.205025125628140903e-01
3.189949748743718394e-01
3.180904522613065555e-01
3.179899497487437277e-01
3.178894472361808998e-01
3.163819095477387044e-01
3.157788944723617930e-01
3.157788944723617930e-01
3.154773869346733650e-01
3.143718592964824254e-01
3.131658291457286580e-01
3.128643216080401745e-01
3.125628140703517466e-01
3.111557788944723790e-01
3.107537688442211232e-01
3.105527638190954676e-01
3.103517587939698674e-01
3.088442211055276165e-01
3.067336683417085652e-01
3.063316582914573094e-01
3.046231155778894584e-01
3.046231155778894584e-01
3.036180904522612911e-01
3.031155778894472630e-01
3.015075376884421843e-01
3.006030150753769004e-01
2.992964824120603051e-01
2.992964824120603051e-01
2.992964824120603051e-01
2.972864321608040261e-01
2.972864321608040261e-01
2.964824120603015145e-01
2.954773869346733473e-01
2.954773869346733473e-01
2.951758793969849193e-01
2.937688442211055517e-01
2.929648241206030401e-01
2.918592964824120450e-01
2.918592964824120450e-01
2.917587939698492727e-01
2.913567839195980169e-01
2.907537688442211055e-01
2.902512562814070218e-01
2.894472361809045102e-01
2.893467336683416824e-01
2.886432160804019986e-01
2.886432160804019986e-01
2.879396984924623148e-01
2.879396984924623148e-01
2.866331658291457196e-01
2.856281407035176079e-01
2.854271356783919522e-01
2.850251256281406964e-01
2.850251256281406964e-01
2.850251256281406964e-01
2.835175879396985010e-01
2.835175879396985010e-01
2.828140703517588173e-01
2.827135678391959894e-01
2.826130653266331616e-01
2.823115577889447336e-01
2.821105527638190780e-01
2.817085427135678222e-01
2.803015075376884546e-01
2.801005025125627990e-01
2.789949748743718594e-01
2.787939698492462037e-01
2.786934673366834314e-01
2.785929648241206036e-01
2.785929648241206036e-01
2.751758793969849015e-01
2.749748743718593014e-01
2.722613065326633386e-01
2.721608040201005108e-01
2.718592964824120828e-01
2.717587939698492550e-01
2.715577889447235993e-01
2.692462311557788923e-01
2.685427135678392085e-01
2.685427135678392085e-01
2.684422110552763807e-01
2.676381909547738691e-01
2.670351758793969577e-01
2.670351758793969577e-01
2.668341708542713575e-01
2.668341708542713575e-01
2.647236180904522507e-01
2.647236180904522507e-01
2.645226130653266505e-01
2.645226130653266505e-01
2.640201005025125669e-01
2.637185929648241389e-01
2.636180904522613111e-01
2.636180904522613111e-01
2.635175879396984833e-01
2.626130653266331438e-01
2.601005025125628367e-01
2.601005025125628367e-01
2.595979899497487531e-01
2.593969849246230974e-01
2.581909547738693300e-01
2.580904522613065577e-01
2.579899497487437299e-01
2.578894472361809020e-01
2.578894472361809020e-01
2.566834170854271346e-01
2.558793969849246230e-01
2.558793969849246230e-01
2.557788944723617952e-01
2.557788944723617952e-01
2.552763819095477116e-01
2.544723618090452000e-01
2.544723618090452000e-01
2.533668341708542604e-01
2.529648241206030046e-01
2.529648241206030046e-01
2.524623115577889210e-01
2.516582914572864094e-01
2.515577889447236370e-01
2.511557788944723812e-01
2.509547738693467256e-01
2.507537688442211254e-01
2.498492462311557860e-01
2.493467336683417024e-01
2.490452261306532744e-01
2.489447236180904466e-01
2.488442211055276465e-01
2.485427135678391908e-01
2.478391959798995070e-01
2.470351758793969954e-01
2.466331658291457396e-01
2.466331658291457396e-01
2.466331658291457396e-01
2.465326633165829118e-01
2.460301507537688559e-01
2.460301507537688559e-01
2.451256281407035165e-01
2.448241206030150885e-01
2.447236180904522607e-01
2.439195979899497491e-01
2.438190954773869212e-01
2.426130653266331538e-01
2.426130653266331538e-01
2.422110552763818980e-01
2.422110552763818980e-01
2.415075376884422143e-01
2.408040201005025027e-01
2.404020100502512469e-01
2.404020100502512469e-01
2.403015075376884468e-01
2.403015075376884468e-01
2.402010050251256190e-01
2.389949748743718516e-01
2.389949748743718516e-01
2.385929648241205958e-01
2.384924623115577957e-01
2.382914572864321678e-01
2.382914572864321678e-01
2.382914572864321678e-01
2.376884422110552841e-01
2.366834170854271446e-01
2.365829145728643168e-01
2.365829145728643168e-01
2.361809045226130610e-01
2.361809045226130610e-01
2.360804020100502609e-01
2.360804020100502609e-01
2.357788944723618052e-01
2.356783919597990051e-01
2.355778894472361773e-01
2.354773869346733772e-01
2.352763819095477493e-01
2.350753768844221214e-01
2.350753768844221214e-01
2.347738693467336657e-01
2.345728643216080378e-01
2.337688442211055262e-01
2.337688442211055262e-01
2.337688442211055262e-01
2.330653266331658424e-01
2.327638190954773867e-01
2.319597989949748751e-01
2.319597989949748751e-01
2.311557788944723635e-01
2.299497487437185961e-01
2.299497487437185961e-01
2.295477386934673403e-01
2.295477386934673403e-01
2.295477386934673403e-01
2.295477386934673403e-01
2.294472361809045124e-01
2.290452261306532566e-01
2.290452261306532566e-01
2.289447236180904566e-01
2.287437185929648287e-01
2.287437185929648287e-01
2.287437185929648287e-01
2.287437185929648287e-01
2.287437185929648287e-01
2.277386934673366892e-01
2.277386934673366892e-01
2.277386934673366892e-01
2.277386934673366892e-01
2.263316582914572939e-01
2.259296482412060381e-01
2.258291457286432102e-01
2.257286432160804102e-01
2.256281407035175823e-01
2.256281407035175823e-01
2.256281407035175823e-01
2.256281407035175823e-01
2.246231155778894428e-01
2.246231155778894428e-01
2.245226130653266428e-01
2.245226130653266428e-01
2.244221105527638149e-01
2.237185929648241312e-01
2.236180904522613033e-01
2.236180904522613033e-01
2.235175879396985033e-01
2.235175879396985033e-01
2.230150753768844196e-01
2.226130653266331638e-01
2.226130653266331638e-01
2.224120603015075359e-01
2.223115577889447358e-01
2.216080402010050243e-01
2.213065326633165963e-01
2.212060301507537685e-01
2.212060301507537685e-01
2.208040201005025127e-01
2.206030150753768848e-01
2.200000000000000011e-01
2.196984924623115454e-01
2.196984924623115454e-01
2.195979899497487453e-01
2.195979899497487453e-01
2.187939698492462337e-01
2.181909547738693500e-01
2.179899497487437221e-01
2.179899497487437221e-01
2.178894472361808943e-01
2.161809045226130710e-01
2.156783919597989874e-01
2.154773869346733595e-01
2.152763819095477316e-01
2.149748743718593036e-01
2.138693467336683363e-01
2.138693467336683363e-01
2.134673366834170805e-01
2.134673366834170805e-01
2.128643216080401968e-01
2.123618090452261409e-01
2.122613065326633131e-01
2.113567839195980014e-01
2.113567839195980014e-01
2.108542713567839177e-01
2.108542713567839177e-01
2.108542713567839177e-01
2.101507537688442340e-01
2.098492462311557782e-01
2.098492462311557782e-01
2.093467336683417224e-01
2.093467336683417224e-01
2.090452261306532666e-01
2.079396984924622993e-01
2.075376884422110435e-01
2.075376884422110435e-01
2.071356783919597877e-01
2.071356783919597877e-01
2.071356783919597877e-01
2.061306532663316482e-01
2.055276381909547645e-01
2.054271356783919644e-01
2.054271356783919644e-01
2.049246231155778808e-01
2.048241206030150807e-01
2.029145728643216018e-01
2.009045226130653228e-01
2.009045226130653228e-01
2.007035175879396949e-01
2.007035175879396949e-01
1.993969849246231274e-01
1.993969849246231274e-01
1.979899497487437321e-01
1.976884422110552764e-01
1.969849246231155648e-01
1.969849246231155648e-01
1.966834170854271369e-01
1.965829145728643090e-01
1.964824120603015090e-01
1.958793969849246253e-01
1.958793969849246253e-01
1.953768844221105416e-01
1.953768844221105416e-01
1.953768844221105416e-01
1.953768844221105416e-01
1.946733668341708579e-01
1.942713567839196021e-01
1.942713567839196021e-01
1.935678391959798905e-01
1.931658291457286347e-01
1.925628140703517510e-01
1.922613065326633230e-01
1.920603015075376951e-01
1.919597989949748673e-01
1.884422110552763929e-01
1.881407035175879372e-01
1.874371859296482534e-01
1.872361809045226255e-01
1.869346733668341698e-01
1.869346733668341698e-01
1.864321608040201139e-01
1.860301507537688304e-01
1.854271356783919467e-01
1.852261306532663188e-01
1.846231155778894351e-01
1.836180904522612956e-01
1.834170854271356677e-01
1.834170854271356677e-01
1.834170854271356677e-01
1.825125628140703560e-01
1.817085427135678444e-01
1.817085427135678444e-01
1.815075376884422165e-01
1.807035175879397049e-01
1.805025125628140770e-01
1.805025125628140770e-01
1.801005025125628212e-01
1.797989949748743654e-01
1.797989949748743654e-01
1.795979899497487375e-01
1.792964824120603096e-01
1.791959798994974817e-01
1.791959798994974817e-01
1.786934673366834259e-01
1.781909547738693422e-01
1.781909547738693422e-01
1.780904522613065422e-01
1.776884422110552864e-01
1.773869346733668306e-01
1.766834170854271469e-01
1.766834170854271469e-01
1.766834170854271469e-01
1.766834170854271469e-01
1.762814070351758911e-01
1.762814070351758911e-01
1.762814070351758911e-01
1.761809045226130632e-01
1.758793969849246352e-01
1.743718592964824121e-01
1.735678391959799005e-01
1.735678391959799005e-01
1.734673366834170727e-01
1.734673366834170727e-01
1.728643216080401890e-01
1.728643216080401890e-01
1.728643216080401890e-01
1.728643216080401890e-01
1.725628140703517610e-01
1.720603015075376774e-01
1.717587939698492494e-01
1.708542713567839100e-01
1.701507537688442262e-01
1.699497487437185983e-01
1.698492462311557705e-01
1.698492462311557705e-01
1.688442211055276310e-01
1.688442211055276310e-01
1.688442211055276310e-01
1.688442211055276310e-01
1.681407035175879472e-01
1.675376884422110635e-01
1.670351758793969799e-01
1.667336683417085519e-01
1.667336683417085519e-01
1.667336683417085519e-01
1.663316582914572961e-01
1.663316582914572961e-01
1.662311557788944683e-01
1.662311557788944683e-01
1.662311557788944683e-01
1.655276381909547845e-01
1.654271356783919567e-01
1.641206030150753892e-01
1.641206030150753892e-01
1.639195979899497613e-01
1.638190954773869334e-01
1.637185929648241334e-01
1.628140703517587939e-01
1.626130653266331660e-01
1.623115577889447103e-01
1.623115577889447103e-01
1.622110552763819102e-01
1.622110552763819102e-01
1.595979899497487475e-01
1.586934673366834081e-01
1.570854271356783849e-01
1.569849246231155848e-01
1.569849246231155848e-01
1.569849246231155848e-01
1.567839195979899569e-01
1.557788944723618174e-01
1.557788944723618174e-01
1.557788944723618174e-01
1.555778894472361895e-01
1.555778894472361895e-01
1.553768844221105616e-01
1.541708542713567942e-01
1.534673366834170827e-01
1.534673366834170827e-01
1.526633165829145711e-01
1.515577889447236315e-01
1.515577889447236315e-01
1.514572864321608037e-01
1.511557788944723479e-01
1.511557788944723479e-01
1.510552763819095479e-01
1.510552763819095479e-01
1.505527638190954642e-01
1.505527638190954642e-01
1.504522613065326642e-01
1.504522613065326642e-01
1.504522613065326642e-01
1.492462311557788968e-01
1.488442211055276410e-01
1.486432160804020131e-01
1.486432160804020131e-01
1.484422110552763852e-01
1.482412060301507573e-01
1.482412060301507573e-01
1.481407035175879294e-01
1.479396984924623015e-01
1.473366834170854178e-01
1.473366834170854178e-01
1.470351758793969899e-01
1.470351758793969899e-01
1.470351758793969899e-01
1.462311557788944782e-01
1.452261306532663387e-01
1.447236180904522551e-01
1.443216080402009993e-01
1.440201005025125713e-01
1.431155778894472319e-01
1.430150753768844318e-01
1.430150753768844318e-01
1.426130653266331760e-01
1.421105527638190924e-01
1.413065326633165808e-01
1.413065326633165808e-01
1.404020100502512691e-01
1.401005025125628134e-01
1.401005025125628134e-01
1.396984924623115576e-01
1.385929648241205903e-01
1.384924623115577902e-01
1.382914572864321623e-01
1.382914572864321623e-01
1.379899497487437066e-01
1.371859296482411950e-01
1.371859296482411950e-01
1.371859296482411950e-01
1.365829145728643113e-01
1.360804020100502554e-01
1.360804020100502554e-01
1.354773869346733717e-01
1.354773869346733717e-01
1.348743718592964880e-01
1.348743718592964880e-01
1.346733668341708601e-01
1.336683417085427206e-01
1.322613065326633253e-01
1.321608040201004974e-01
1.318592964824120695e-01
1.318592964824120695e-01
1.316582914572864416e-01
1.312562814070351858e-01
1.299497487437185905e-01
1.298492462311557905e-01
1.296482412060301626e-01
1.296482412060301626e-01
1.295477386934673347e-01
1.295477386934673347e-01
1.290452261306532789e-01
1.289447236180904510e-01
1.288442211055276510e-01
1.285427135678391952e-01
1.280402010050251393e-01
1.280402010050251393e-01
1.278391959798994837e-01
1.275376884422110557e-01
1.274371859296482279e-01
1.274371859296482279e-01
1.273366834170854278e-01
1.273366834170854278e-01
1.265326633165829162e-01
1.259296482412060325e-01
1.255276381909547767e-01
1.250251256281406931e-01
1.248241206030150791e-01
1.245226130653266372e-01
1.242211055276381954e-01
1.239195979899497535e-01
1.236180904522613117e-01
1.229145728643216140e-01
1.229145728643216140e-01
1.224120603015075442e-01
1.217085427135678327e-01
1.215075376884422048e-01
1.212060301507537630e-01
1.203015075376884374e-01
1.194974874371859258e-01
1.188944723618090421e-01
1.180904522613065305e-01
1.176884422110552747e-01
1.171859296482412049e-01
1.163819095477386933e-01
1.155778894472361817e-01
1.152763819095477399e-01
1.147738693467336701e-01
1.140703517587939725e-01
1.137688442211055306e-01
1.121608040201005074e-01
1.108542713567839261e-01
1.102512562814070285e-01
1.100502512562814006e-01
1.093467336683417029e-01
1.093467336683417029e-01
1.093467336683417029e-01
1.088442211055276332e-01
1.073366834170854239e-01
1.072361809045226100e-01
1.069346733668341681e-01
1.064321608040200984e-01
1.061306532663316565e-01
1.055276381909547728e-01
1.055276381909547728e-01
1.052261306532663310e-01
1.041206030150753775e-01
1.038190954773869357e-01
1.034170854271356799e-01
1.031155778894472380e-01
1.026130653266331683e-01
1.023115577889447264e-01
1.021105527638190985e-01
1.018090452261306567e-01
1.014070351758794009e-01
1.008040201005025172e-01
1.006030150753768893e-01
9.979899497487437765e-02
9.939698492462312185e-02
9.879396984924622427e-02
9.829145728643215452e-02
9.788944723618089871e-02
9.768844221105527081e-02
9.728643216080401501e-02
9.618090452261306156e-02
9.587939698492461971e-02
9.487437185929648020e-02
9.366834170854271280e-02
9.336683417085427095e-02
9.246231155778894539e-02
9.216080402010050354e-02
9.216080402010050354e-02
9.195979899497487564e-02
9.105527638190955009e-02
9.055276381909548034e-02
9.025125628140703848e-02
8.984924623115578268e-02
8.944723618090452688e-02
8.874371859296482923e-02
8.864321608040201528e-02
8.824120603015075948e-02
8.703517587939697819e-02
8.623115577889446659e-02
8.572864321608039684e-02
8.502512562814069919e-02
8.432160804020100153e-02
8.381909547738693178e-02
8.341708542713567598e-02
8.291457286432160623e-02
8.271356783919597833e-02
8.251256281407035043e-02
8.211055276381909462e-02
8.160804020100502487e-02
8.130653266331658302e-02
8.130653266331658302e-02
8.060301507537688537e-02
7.989949748743718771e-02
7.909547738693467611e-02
7.899497487437186216e-02
7.798994974874372266e-02
7.708542713567839710e-02
7.648241206030151340e-02
7.628140703517588550e-02
7.507537688442210422e-02
7.437185929648240656e-02
7.346733668341708101e-02
7.266331658291456941e-02
7.115577889447236015e-02
7.075376884422110435e-02
7.035175879396984855e-02
6.984924623115577880e-02
6.954773869346733695e-02
6.874371859296482534e-02
6.854271356783919744e-02
6.783919597989949979e-02
6.683417085427136028e-02
6.532663316582915103e-02
6.512562814070352313e-02
6.512562814070352313e-02
6.482412060301508128e-02
6.351758793969848604e-02
6.351758793969848604e-02
6.311557788944723024e-02
6.251256281407034654e-02
6.170854271356784188e-02
6.110552763819095817e-02
6.090452261306532333e-02
6.010050251256281173e-02
5.879396984924623037e-02
5.819095477386934667e-02
5.748743718592964902e-02
5.648241206030150952e-02
5.587939698492462581e-02
5.557788944723618396e-02
5.537688442211055606e-02
5.437185929648240962e-02
5.326633165829145616e-02
5.276381909547738641e-02
5.115577889447236321e-02
5.035175879396985160e-02
4.954773869346734000e-02
4.914572864321607726e-02
4.844221105527637961e-02
4.814070351758793775e-02
4.713567839195979825e-02
4.502512562814070529e-02
4.351758793969848910e-02
4.090452261306532639e-02
4.040201005025125663e-02
3.949748743718593108e-02
3.839195979899497763e-02
3.758793969849245908e-02
3.638190954773869168e-02
3.537688442211055218e-02
3.316582914572864527e-02
3.145728643216080117e-02
2.814070351758794081e-02
2.683417085427135598e-02
2.532663316582914673e-02
2.422110552763818980e-02
1.839195979899497374e-02
1.477386934673366806e-02
1.366834170854271287e-02
1.165829145728643212e-02
1.045226130653266298e-02
9.045226130653265945e-03
7.738693467336683722e-03
7.135678391959799152e-03
5.829145728643216062e-03
5.326633165829145443e-03
5.226130653266331492e-03
4.623115577889446923e-03
3.919597989949748403e-03
3.718592964824120502e-03
3.718592964824120502e-03
3.216080402010050316e-03
2.914572864321608031e-03
2.713567839195979697e-03
2.613065326633165746e-03
2.512562814070351796e-03
2.512562814070351796e-03
2.512562814070351796e-03
2.211055276381909511e-03
2.211055276381909511e-03
2.211055276381909511e-03
1.909547738693467443e-03
1.909547738693467443e-03
1.809045226130653276e-03
1.809045226130653276e-03
1.809045226130653276e-03
1.809045226130653276e-03
1.809045226130653276e-03
1.809045226130653276e-03
1.809045226130653276e-03
1.608040201005025158e-03
1.608040201005025158e-03
1.608040201005025158e-03
1.105527638190954755e-03
1.105527638190954755e-03
1.105527638190954755e-03
1.005025125628140805e-03
1.005025125628140805e-03
1.005025125628140805e-03
9.045226130653266378e-04
8.040201005025125790e-04
8.040201005025125790e-04
8.040201005025125790e-04
8.040201005025125790e-04
8.040201005025125790e-04
8.040201005025125790e-04
7.035175879396985202e-04
7.035175879396985202e-04
7.035175879396985202e-04
7.035175879396985202e-04
6.030150753768844614e-04
6.030150753768844614e-04
6.030150753768844614e-04
5.025125628140704025e-04
5.025125628140704025e-04
5.025125628140704025e-04
5.025125628140704025e-04
5.025125628140704025e-04
5.025125628140704025e-04
4.020100502512562895e-04
4.020100502512562895e-04
4.020100502512562895e-04
3.015075376884422307e-04
3.015075376884422307e-04
3.015075376884422307e-04
3.015075376884422307e-04
3.015075376884422307e-04
2.010050251256281448e-04
2.010050251256281448e-04
1.005025125628140724e-04
1.005025125628140724e-04
1.005025125628140724e-04
1.005025125628140724e-04
0.000000000000000000e+00
0.000000000000000000e+00
0.000000000000000000e+00
0.000000000000000000e+00
0.000000000000000000e+00
0.000000000000000000e+00
0.000000000000000000e+00
0.000000000000000000e+00
