9.998994974874372277e-01
9.757788944723617686e-01
9.589949748743719082e-01
9.487437185929648020e-01
9.353768844221105327e-01
9.240201005025125980e-01
9.122613065326633519e-01
9.050251256281407475e-01
8.977889447236181431e-01
8.844221105527638738e-01
8.746733668341708512e-01
8.692462311557789256e-01
8.620100502512563212e-01
8.576884422110552242e-01
8.508542713567839311e-01
8.398994974874371966e-01
8.338693467336683041e-01
8.297487437185929737e-01
8.264321608040201550e-01
8.240201005025125092e-01
8.192964824120603229e-01
8.140703517587939420e-01
8.095477386934673003e-01
8.072361809045226488e-01
8.030150753768844352e-01
7.968844221105527703e-01
7.919597989949749284e-01
7.886432160804019986e-01
7.860301507537688082e-01
7.823115577889446781e-01
7.788944723618090871e-01
7.767839195979899802e-01
7.726633165829145389e-01
7.708542713567839710e-01
7.672361809045226133e-01
7.640201005025125669e-01
7.613065326633166041e-01
7.574874371859297018e-01
7.555778894472361396e-01
7.519597989949748928e-01
7.480402010050251072e-01
7.464321608040200839e-01
7.449246231155779441e-01
7.432160804020100375e-01
7.408040201005025027e-01
7.377889447236181120e-01
7.355778894472362328e-01
7.314572864321607915e-01
7.285427135678391730e-01
7.242211055276381870e-01
7.208040201005024850e-01
7.167839195979899269e-01
7.140703517587939642e-01
7.104522613065327175e-01
7.066331658291457041e-01
7.050251256281406809e-01
7.034170854271356577e-01
6.999999999999999556e-01
6.976884422110553041e-01
6.937688442211055184e-01
6.906532663316582443e-01
6.869346733668342253e-01
6.836180904522612956e-01
6.813065326633165331e-01
6.800000000000000488e-01
6.772864321608039750e-01
6.747738693467336679e-01
6.736683417085427283e-01
6.697487437185929426e-01
6.681407035175879194e-01
6.647236180904522174e-01
6.628140703517587662e-01
6.611055276381909707e-01
6.598994974874371477e-01
6.567839195979899847e-01
6.550753768844220781e-01
6.516582914572864871e-01
6.500502512562813529e-01
6.455276381909548222e-01
6.405025125628140970e-01
6.385929648241206458e-01
6.343718592964824321e-01
6.267336683417085164e-01
6.218090452261306744e-01
6.163819095477387489e-01
6.106532663316582843e-01
6.058291457286432147e-01
6.019095477386934290e-01
5.959798994974874198e-01
5.925628140703517177e-01
5.778894472361808532e-01
5.718592964824120717e-01
5.677386934673366303e-01
5.654271356783919789e-01
5.588944723618090027e-01
5.525628140703517932e-01
5.489447236180904355e-01
5.473366834170854123e-01
5.435175879396985099e-01
5.406030150753768915e-01
5.379899497487437010e-01
5.343718592964824543e-01
5.298492462311558127e-01
5.262311557788944549e-01
5.249246231155778597e-01
5.216080402010050410e-01
5.200000000000000178e-01
5.190954773869346228e-01
5.183919597989949946e-01
5.169849246231156270e-01
5.151758793969849481e-01
5.146733668341708645e-01
5.145728643216080922e-01
5.137688442211055806e-01
5.130653266331658413e-01
5.128643216080401857e-01
5.127638190954774133e-01
5.127638190954774133e-01
5.124623115577889854e-01
5.123618090452261020e-01
5.119597989949749017e-01
5.116582914572864738e-01
5.114572864321608181e-01
5.111557788944723901e-01
5.111557788944723901e-01
5.110552763819095068e-01
5.109547738693467345e-01
5.102512562814069952e-01
5.100502512562814506e-01
5.100502512562814506e-01
5.095477386934673669e-01
5.094472361809044836e-01
5.093467336683417113e-01
5.091457286432160556e-01
5.091457286432160556e-01
5.090452261306532833e-01
5.087437185929648553e-01
5.086432160804019720e-01
5.083417085427135440e-01
5.083417085427135440e-01
5.077386934673366881e-01
4.906532663316582887e-01
4.478391959798995181e-01
4.349748743718592769e-01
4.243216080402010260e-01
4.216080402010050077e-01
4.139698492462311474e-01
4.076381909547738824e-01
4.017085427135678177e-01
3.958793969849246364e-01
3.917587939698492505e-01
3.879396984924622926e-01
3.859296482412060136e-01
3.830150753768843952e-01
3.820100502512562834e-01
3.800000000000000044e-01
3.781909547738693256e-01
3.772864321608040417e-01
3.762814070351758744e-01
3.749748743718592792e-01
3.736683417085427394e-01
3.733668341708542560e-01
3.731658291457286558e-01
3.728643216080402278e-01
3.723618090452261442e-01
3.718592964824120606e-01
3.715577889447236326e-01
3.712562814070351491e-01
3.711557788944723768e-01
3.710552763819095490e-01
3.705527638190954653e-01
3.698492462311557816e-01
3.691457286432160978e-01
3.690452261306532700e-01
3.690452261306532700e-01
3.689447236180904421e-01
3.682412060301507584e-01
3.674371859296482468e-01
3.674371859296482468e-01
3.673366834170854189e-01
3.671356783919598188e-01
3.671356783919598188e-01
3.671356783919598188e-01
3.671356783919598188e-01
3.669346733668341631e-01
3.669346733668341631e-01
3.669346733668341631e-01
3.665326633165829073e-01
3.665326633165829073e-01
3.662311557788944794e-01
3.662311557788944794e-01
3.660301507537688237e-01
3.659296482412060514e-01
3.658291457286432236e-01
3.657286432160803957e-01
3.656281407035175679e-01
3.651256281407035398e-01
3.642211055276382003e-01
3.640201005025125447e-01
3.636180904522612889e-01
3.633165829145728609e-01
3.631155778894472608e-01
3.629145728643216051e-01
3.627135678391960050e-01
3.626130653266331771e-01
3.626130653266331771e-01
3.623115577889447492e-01
3.618090452261306655e-01
3.616080402010050099e-01
3.613065326633165819e-01
3.605025125628140703e-01
3.597989949748743865e-01
3.596984924623115587e-01
3.590954773869346472e-01
3.588944723618090471e-01
3.588944723618090471e-01
3.585929648241206191e-01
3.579899497487437077e-01
3.572864321608040239e-01
3.568844221105527681e-01
3.562814070351758566e-01
3.555778894472361729e-01
3.548743718592964891e-01
3.542713567839195776e-01
3.530653266331658102e-01
3.520603015075376985e-01
3.513567839195980147e-01
3.509547738693467589e-01
3.507537688442211032e-01
3.499497487437185916e-01
3.497487437185929915e-01
3.495477386934673358e-01
3.491457286432160800e-01
3.489447236180904799e-01
3.485427135678391686e-01
3.481407035175879128e-01
3.475376884422110568e-01
3.468341708542713731e-01
3.462311557788944616e-01
3.461306532663316338e-01
3.455276381909547778e-01
3.454271356783919500e-01
3.448241206030150940e-01
3.445226130653266106e-01
3.443216080402010104e-01
3.439195979899497546e-01
3.436180904522613266e-01
3.433165829145728432e-01
3.432160804020100708e-01
3.430150753768844152e-01
3.427135678391959872e-01
3.425125628140703316e-01
3.420100502512563034e-01
3.416080402010050476e-01
3.409045226130653083e-01
3.402010050251256246e-01
3.400000000000000244e-01
3.398994974874371966e-01
3.398994974874371966e-01
3.394974874371859408e-01
3.391959798994975128e-01
3.384924623115577735e-01
3.380904522613065177e-01
3.367839195979899225e-01
3.362814070351758944e-01
3.359798994974874109e-01
3.352763819095477271e-01
3.339698492462311319e-01
3.333668341708542759e-01
3.329648241206030201e-01
3.327638190954773645e-01
3.317587939698492527e-01
3.301507537688442295e-01
3.300502512562814017e-01
3.292462311557788901e-01
3.287437185929648065e-01
3.282412060301507783e-01
3.278391959798995225e-01
3.262311557788944993e-01
3.258291457286432435e-01
3.252261306532663321e-01
3.244221105527638205e-01
3.242211055276381648e-01
3.232160804020100531e-01
3.220100502512562857e-01
3.210050251256281184e-01
3.197989949748743510e-01
3.188944723618090671e-01
3.180904522613065555e-01
3.180904522613065555e-01
3.179899497487437277e-01
3.166834170854271324e-01
3.160804020100502765e-01
3.155778894472361928e-01
3.147738693467336812e-01
3.136683417085426862e-01
3.129648241206030024e-01
3.115577889447236348e-01
3.115577889447236348e-01
3.110552763819095512e-01
3.093467336683417002e-01
3.073366834170854212e-01
3.072361809045225933e-01
3.057286432160803979e-01
3.048241206030150585e-01
3.038190954773869468e-01
3.034170854271356910e-01
3.022110552763819236e-01
3.011055276381909285e-01
2.998994974874371611e-01
2.994974874371859053e-01
2.994974874371859053e-01
2.993969849246231330e-01
2.972864321608040261e-01
2.957788944723618307e-01
2.956783919597990029e-01
2.956783919597990029e-01
2.955778894472361751e-01
2.934673366834170682e-01
2.921608040201005285e-01
2.920603015075377007e-01
2.920603015075377007e-01
2.919597989949748729e-01
2.906532663316582776e-01
2.897487437185929382e-01
2.897487437185929382e-01
2.895477386934673381e-01
2.891457286432160823e-01
2.870351758793969754e-01
2.870351758793969754e-01
2.860301507537688637e-01
2.859296482412060358e-01
2.859296482412060358e-01
2.857286432160803802e-01
2.845226130653266128e-01
2.831155778894472452e-01
2.830150753768844174e-01
2.829145728643215896e-01
2.826130653266331616e-01
2.822110552763819058e-01
2.809045226130653106e-01
2.803015075376884546e-01
2.792964824120602874e-01
2.792964824120602874e-01
2.790954773869346872e-01
2.788944723618090316e-01
2.765829145728643246e-01
2.756783919597989851e-01
2.754773869346733850e-01
2.728643216080401945e-01
2.726633165829145944e-01
2.723618090452261109e-01
2.719597989949748551e-01
2.712562814070351713e-01
2.692462311557788923e-01
2.686432160804020364e-01
2.678391959798995248e-01
2.674371859296482135e-01
2.673366834170854411e-01
2.673366834170854411e-01
2.672361809045226133e-01
2.659296482412060181e-01
2.657286432160804179e-01
2.655276381909547623e-01
2.653266331658291621e-01
2.640201005025125669e-01
2.638190954773869112e-01
2.637185929648241389e-01
2.608040201005025205e-01
2.606030150753768648e-01
2.605025125628140925e-01
2.602010050251256090e-01
2.596984924623115809e-01
2.587939698492462415e-01
2.586934673366834136e-01
2.580904522613065577e-01
2.571859296482412183e-01
2.562814070351758788e-01
2.561809045226130510e-01
2.557788944723617952e-01
2.556783919597989674e-01
2.556783919597989674e-01
2.541708542713567720e-01
2.539698492462311719e-01
2.535678391959799161e-01
2.529648241206030046e-01
2.524623115577889210e-01
2.517587939698492372e-01
2.517587939698492372e-01
2.510552763819095534e-01
2.507537688442211254e-01
2.507537688442211254e-01
2.496482412060301581e-01
2.493467336683417024e-01
2.491457286432160745e-01
2.488442211055276465e-01
2.480402010050251349e-01
2.480402010050251349e-01
2.479396984924623071e-01
2.479396984924623071e-01
2.469346733668341676e-01
2.469346733668341676e-01
2.464321608040201117e-01
2.452261306532663443e-01
2.451256281407035165e-01
2.451256281407035165e-01
2.444221105527638327e-01
2.443216080402010049e-01
2.430150753768844096e-01
2.429145728643216096e-01
2.428140703517587817e-01
2.423115577889447259e-01
2.418090452261306422e-01
2.414070351758793864e-01
2.406030150753768748e-01
2.406030150753768748e-01
2.406030150753768748e-01
2.406030150753768748e-01
2.394974874371859352e-01
2.391959798994974795e-01
2.387939698492462237e-01
2.384924623115577957e-01
2.384924623115577957e-01
2.384924623115577957e-01
2.384924623115577957e-01
2.382914572864321678e-01
2.382914572864321678e-01
2.372864321608040283e-01
2.363819095477386889e-01
2.361809045226130610e-01
2.357788944723618052e-01
2.356783919597990051e-01
2.356783919597990051e-01
2.356783919597990051e-01
2.353768844221105494e-01
2.351758793969849215e-01
2.351758793969849215e-01
2.351758793969849215e-01
2.349748743718592936e-01
2.346733668341708656e-01
2.340703517587939819e-01
2.338693467336683540e-01
2.338693467336683540e-01
2.335678391959798983e-01
2.334673366834170982e-01
2.326633165829145866e-01
2.322613065326633031e-01
2.317587939698492472e-01
2.317587939698492472e-01
2.302512562814070241e-01
2.300502512562813962e-01
2.300502512562813962e-01
2.300502512562813962e-01
2.296482412060301403e-01
2.295477386934673403e-01
2.295477386934673403e-01
2.294472361809045124e-01
2.290452261306532566e-01
2.288442211055276287e-01
2.288442211055276287e-01
2.288442211055276287e-01
2.288442211055276287e-01
2.277386934673366892e-01
2.277386934673366892e-01
2.277386934673366892e-01
2.277386934673366892e-01
2.263316582914572939e-01
2.262311557788944660e-01
2.262311557788944660e-01
2.262311557788944660e-01
2.261306532663316660e-01
2.259296482412060381e-01
2.259296482412060381e-01
2.256281407035175823e-01
2.255276381909547823e-01
2.245226130653266428e-01
2.245226130653266428e-01
2.244221105527638149e-01
2.244221105527638149e-01
2.244221105527638149e-01
2.244221105527638149e-01
2.236180904522613033e-01
2.236180904522613033e-01
2.236180904522613033e-01
2.235175879396985033e-01
2.232160804020100475e-01
2.228140703517587917e-01
2.228140703517587917e-01
2.228140703517587917e-01
2.224120603015075359e-01
2.223115577889447358e-01
2.216080402010050243e-01
2.213065326633165963e-01
2.212060301507537685e-01
2.212060301507537685e-01
2.208040201005025127e-01
2.201005025125628012e-01
2.198994974874371733e-01
2.198994974874371733e-01
2.195979899497487453e-01
2.189949748743718616e-01
2.187939698492462337e-01
2.180904522613065222e-01
2.179899497487437221e-01
2.179899497487437221e-01
2.163819095477386989e-01
2.161809045226130710e-01
2.156783919597989874e-01
2.156783919597989874e-01
2.154773869346733595e-01
2.152763819095477316e-01
2.148743718592964758e-01
2.143718592964824199e-01
2.138693467336683363e-01
2.134673366834170805e-01
2.130653266331658247e-01
2.125628140703517688e-01
2.123618090452261409e-01
2.117587939698492572e-01
2.113567839195980014e-01
2.110552763819095456e-01
2.110552763819095456e-01
2.109547738693467456e-01
2.102512562814070340e-01
2.099497487437186061e-01
2.098492462311557782e-01
2.094472361809045224e-01
2.093467336683417224e-01
2.093467336683417224e-01
2.092462311557788945e-01
2.090452261306532666e-01
2.085427135678391830e-01
2.076381909547738713e-01
2.076381909547738713e-01
2.075376884422110435e-01
2.071356783919597877e-01
2.071356783919597877e-01
2.071356783919597877e-01
2.061306532663316482e-01
2.054271356783919644e-01
2.054271356783919644e-01
2.054271356783919644e-01
2.049246231155778808e-01
2.048241206030150807e-01
2.047236180904522529e-01
2.038190954773869412e-01
2.025125628140703460e-01
2.008040201005025227e-01
2.008040201005025227e-01
2.008040201005025227e-01
1.993969849246231274e-01
1.993969849246231274e-01
1.993969849246231274e-01
1.990954773869346717e-01
1.977889447236181042e-01
1.968844221105527648e-01
1.967839195979899369e-01
1.966834170854271369e-01
1.966834170854271369e-01
1.964824120603015090e-01
1.964824120603015090e-01
1.959798994974874253e-01
1.957788944723617974e-01
1.953768844221105416e-01
1.953768844221105416e-01
1.953768844221105416e-01
1.953768844221105416e-01
1.946733668341708579e-01
1.942713567839196021e-01
1.935678391959798905e-01
1.933668341708542626e-01
1.928643216080402067e-01
1.926633165829145788e-01
1.926633165829145788e-01
1.921608040201004952e-01
1.919597989949748673e-01
1.913567839195979836e-01
1.901507537688442162e-01
1.884422110552763929e-01
1.884422110552763929e-01
1.874371859296482534e-01
1.874371859296482534e-01
1.871356783919597977e-01
1.868341708542713697e-01
1.868341708542713697e-01
1.862311557788944860e-01
1.861306532663316582e-01
1.853266331658291466e-01
1.853266331658291466e-01
1.853266331658291466e-01
1.845226130653266350e-01
1.832160804020100398e-01
1.832160804020100398e-01
1.832160804020100398e-01
1.830150753768844119e-01
1.828140703517587839e-01
1.828140703517587839e-01
1.816080402010050165e-01
1.813065326633165886e-01
1.813065326633165886e-01
1.805025125628140770e-01
1.803015075376884491e-01
1.803015075376884491e-01
1.803015075376884491e-01
1.801005025125628212e-01
1.796984924623115654e-01
1.794974874371859375e-01
1.791959798994974817e-01
1.791959798994974817e-01
1.791959798994974817e-01
1.790954773869346817e-01
1.785929648241205980e-01
1.783919597989949701e-01
1.778894472361809143e-01
1.777889447236180864e-01
1.773869346733668306e-01
1.772864321608040306e-01
1.769849246231155748e-01
1.766834170854271469e-01
1.765829145728643190e-01
1.765829145728643190e-01
1.765829145728643190e-01
1.760804020100502632e-01
1.760804020100502632e-01
1.760804020100502632e-01
1.760804020100502632e-01
1.759798994974874353e-01
1.752763819095477515e-01
1.752763819095477515e-01
1.742713567839195843e-01
1.734673366834170727e-01
1.733668341708542726e-01
1.733668341708542726e-01
1.733668341708542726e-01
1.730653266331658169e-01
1.727638190954773889e-01
1.727638190954773889e-01
1.727638190954773889e-01
1.727638190954773889e-01
1.727638190954773889e-01
1.720603015075376774e-01
1.713567839195979936e-01
1.707537688442211099e-01
1.707537688442211099e-01
1.707537688442211099e-01
1.698492462311557705e-01
1.695477386934673425e-01
1.687437185929648309e-01
1.686432160804020031e-01
1.686432160804020031e-01
1.685427135678392030e-01
1.685427135678392030e-01
1.684422110552763752e-01
1.676381909547738636e-01
1.670351758793969799e-01
1.666331658291457241e-01
1.666331658291457241e-01
1.666331658291457241e-01
1.665326633165829240e-01
1.661306532663316682e-01
1.661306532663316682e-01
1.661306532663316682e-01
1.661306532663316682e-01
1.661306532663316682e-01
1.661306532663316682e-01
1.661306532663316682e-01
1.653266331658291566e-01
1.653266331658291566e-01
1.641206030150753892e-01
1.638190954773869334e-01
1.638190954773869334e-01
1.638190954773869334e-01
1.638190954773869334e-01
1.629145728643216218e-01
1.627135678391959661e-01
1.623115577889447103e-01
1.623115577889447103e-01
1.620100502512562823e-01
1.620100502512562823e-01
1.619095477386934545e-01
1.594974874371859197e-01
1.586934673366834081e-01
1.585929648241206080e-01
1.570854271356783849e-01
1.570854271356783849e-01
1.569849246231155848e-01
1.568844221105527570e-01
1.566834170854271291e-01
1.556783919597989896e-01
1.556783919597989896e-01
1.556783919597989896e-01
1.555778894472361895e-01
1.554773869346733617e-01
1.549748743718593058e-01
1.537688442211055384e-01
1.530653266331658269e-01
1.530653266331658269e-01
1.523618090452261431e-01
1.523618090452261431e-01
1.514572864321608037e-01
1.514572864321608037e-01
1.512562814070351758e-01
1.511557788944723479e-01
1.510552763819095479e-01
1.510552763819095479e-01
1.509547738693467200e-01
1.506532663316582921e-01
1.505527638190954642e-01
1.504522613065326642e-01
1.497487437185929526e-01
1.492462311557788968e-01
1.491457286432160689e-01
1.488442211055276410e-01
1.486432160804020131e-01
1.486432160804020131e-01
1.484422110552763852e-01
1.484422110552763852e-01
1.482412060301507573e-01
1.482412060301507573e-01
1.478391959798995015e-01
1.473366834170854178e-01
1.473366834170854178e-01
1.473366834170854178e-01
1.471356783919597899e-01
1.470351758793969899e-01
1.470351758793969899e-01
1.470351758793969899e-01
1.462311557788944782e-01
1.448241206030150829e-01
1.443216080402009993e-01
1.442211055276381992e-01
1.438190954773869434e-01
1.430150753768844318e-01
1.430150753768844318e-01
1.428140703517588039e-01
1.426130653266331760e-01
1.423115577889447203e-01
1.419095477386934645e-01
1.407035175879396971e-01
1.406030150753768970e-01
1.403015075376884413e-01
1.401005025125628134e-01
1.396984924623115576e-01
1.385929648241205903e-01
1.384924623115577902e-01
1.382914572864321623e-01
1.382914572864321623e-01
1.380904522613065344e-01
1.373869346733668229e-01
1.372864321608040228e-01
1.371859296482411950e-01
1.371859296482411950e-01
1.365829145728643113e-01
1.361809045226130555e-01
1.360804020100502554e-01
1.350753768844221159e-01
1.350753768844221159e-01
1.348743718592964880e-01
1.348743718592964880e-01
1.347738693467336601e-01
1.344723618090452322e-01
1.338693467336683485e-01
1.329648241206030090e-01
1.318592964824120695e-01
1.318592964824120695e-01
1.316582914572864416e-01
1.308542713567839300e-01
1.304522613065326742e-01
1.303517587939698463e-01
1.296482412060301626e-01
1.295477386934673347e-01
1.293467336683417068e-01
1.291457286432160789e-01
1.286432160804020230e-01
1.284422110552763951e-01
1.281407035175879394e-01
1.267336683417085441e-01
1.263316582914572883e-01
1.260301507537688326e-01
1.258291457286432047e-01
1.256281407035175768e-01
1.252261306532663210e-01
1.248241206030150791e-01
1.233165829145728698e-01
1.233165829145728698e-01
1.229145728643216140e-01
1.224120603015075442e-01
1.217085427135678327e-01
1.208040201005025072e-01
1.208040201005025072e-01
1.202010050251256235e-01
1.191959798994974840e-01
1.188944723618090421e-01
1.183919597989949724e-01
1.181909547738693445e-01
1.175879396984924607e-01
1.173869346733668328e-01
1.163819095477386933e-01
1.158793969849246236e-01
1.155778894472361817e-01
1.150753768844221120e-01
1.142713567839196004e-01
1.135678391959799027e-01
1.133668341708542748e-01
1.130653266331658330e-01
1.123618090452261353e-01
1.116582914572864377e-01
1.113567839195979958e-01
1.109547738693467400e-01
1.098492462311557727e-01
1.077386934673366797e-01
1.075376884422110518e-01
1.073366834170854239e-01
1.072361809045226100e-01
1.062311557788944705e-01
1.062311557788944705e-01
1.059296482412060286e-01
1.051256281407035170e-01
1.045226130653266333e-01
1.037185929648241217e-01
1.034170854271356799e-01
1.025125628140703543e-01
1.018090452261306567e-01
1.016080402010050288e-01
1.014070351758794009e-01
1.014070351758794009e-01
9.969849246231156370e-02
9.909547738693468000e-02
9.909547738693468000e-02
9.889447236180905210e-02
9.859296482412059637e-02
9.819095477386934057e-02
9.748743718592964291e-02
9.718592964824120106e-02
9.708542713567838711e-02
9.648241206030150341e-02
9.608040201005024761e-02
9.547738693467336391e-02
9.487437185929648020e-02
9.437185929648241045e-02
9.366834170854271280e-02
9.316582914572864305e-02
9.276381909547738724e-02
9.226130653266331749e-02
8.964824120603015478e-02
8.944723618090452688e-02
8.834170854271357343e-02
8.814070351758794553e-02
8.763819095477387577e-02
8.733668341708543392e-02
8.683417085427135029e-02
8.592964824120602474e-02
8.562814070351758289e-02
8.512562814070351314e-02
8.442211055276381548e-02
8.361809045226130388e-02
8.231155778894472252e-02
8.180904522613065277e-02
8.070351758793969932e-02
7.959798994974874586e-02
7.939698492462311796e-02
7.879396984924623426e-02
7.829145728643216451e-02
7.809045226130653661e-02
7.778894472361809476e-02
7.738693467336683895e-02
7.708542713567839710e-02
7.608040201005025760e-02
7.477386934673366237e-02
7.447236180904522052e-02
7.407035175879396471e-02
7.336683417085426706e-02
7.185929648241205780e-02
7.065326633165829040e-02
6.994974874371859275e-02
6.914572864321608114e-02
6.864321608040201139e-02
6.643216080402010448e-02
6.603015075376884868e-02
6.512562814070352313e-02
6.462311557788945338e-02
6.412060301507538362e-02
6.201005025125628373e-02
6.180904522613065583e-02
6.170854271356784188e-02
6.090452261306532333e-02
6.060301507537688148e-02
5.989949748743718383e-02
5.859296482412060247e-02
5.849246231155778852e-02
5.698492462311557927e-02
5.638190954773869557e-02
5.557788944723618396e-02
5.477386934673366542e-02
5.437185929648240962e-02
5.276381909547738641e-02
5.185929648241206086e-02
5.125628140703517716e-02
5.075376884422110740e-02
4.874371859296482146e-02
4.804020100502512380e-02
4.743718592964824010e-02
4.613065326633165875e-02
4.552763819095477504e-02
4.502512562814070529e-02
4.291457286432160539e-02
4.100502512562814034e-02
4.020100502512562873e-02
3.788944723618090787e-02
3.457286432160804057e-02
3.366834170854271502e-02
3.195979899497487092e-02
2.994974874371859191e-02
2.502512562814070488e-02
2.251256281407035265e-02
2.040201005025125622e-02
1.738693467336683424e-02
1.417085427135678435e-02
1.246231155778894546e-02
1.195979899497487398e-02
1.085427135678391879e-02
9.648241206030151382e-03
9.045226130653265945e-03
7.336683417085427053e-03
6.934673366834171251e-03
6.331658291457286682e-03
5.628140703517588161e-03
5.125628140703517542e-03
4.522613065326632972e-03
4.321608040201005072e-03
3.819095477386934886e-03
3.517587939698492601e-03
3.417085427135678217e-03
3.115577889447236366e-03
2.914572864321608031e-03
2.814070351758794081e-03
2.814070351758794081e-03
2.814070351758794081e-03
2.814070351758794081e-03
2.814070351758794081e-03
2.814070351758794081e-03
2.814070351758794081e-03
2.412060301507537845e-03
2.412060301507537845e-03
2.412060301507537845e-03
2.412060301507537845e-03
2.211055276381909511e-03
1.909547738693467443e-03
1.909547738693467443e-03
1.909547738693467443e-03
1.909547738693467443e-03
1.708542713567839108e-03
1.708542713567839108e-03
1.608040201005025158e-03
1.407035175879397040e-03
1.407035175879397040e-03
1.407035175879397040e-03
1.206030150753768923e-03
1.206030150753768923e-03
1.206030150753768923e-03
9.045226130653266378e-04
9.045226130653266378e-04
9.045226130653266378e-04
9.045226130653266378e-04
8.040201005025125790e-04
8.040201005025125790e-04
8.040201005025125790e-04
6.030150753768844614e-04
6.030150753768844614e-04
6.030150753768844614e-04
6.030150753768844614e-04
6.030150753768844614e-04
6.030150753768844614e-04
5.025125628140704025e-04
5.025125628140704025e-04
5.025125628140704025e-04
5.025125628140704025e-04
5.025125628140704025e-04
4.020100502512562895e-04
4.020100502512562895e-04
4.020100502512562895e-04
4.020100502512562895e-04
4.020100502512562895e-04
3.015075376884422307e-04
3.015075376884422307e-04
3.015075376884422307e-04
3.015075376884422307e-04
3.015075376884422307e-04
2.010050251256281448e-04
2.010050251256281448e-04
0.000000000000000000e+00
0.000000000000000000e+00
0.000000000000000000e+00
0.000000000000000000e+00
0.000000000000000000e+00
0.000000000000000000e+00
0.000000000000000000e+00
0.000000000000000000e+00
0.000000000000000000e+00
0.000000000000000000e+00
