9.974874371859296929e-01
9.823115577889447447e-01
9.511557788944723368e-01
9.248241206030151096e-01
9.036180904522612689e-01
8.870351758793969532e-01
8.747738693467336235e-01
8.642211055276382003e-01
8.515577889447236704e-01
8.392964824120603406e-01
8.339698492462311874e-01
8.262311557788944993e-01
8.183919597989949279e-01
8.107537688442211232e-01
8.034170854271356355e-01
7.960804020100502587e-01
7.893467336683417379e-01
7.832160804020100731e-01
7.754773869346733850e-01
7.707537688442210877e-01
7.638190954773869112e-01
7.577889447236181297e-01
7.550753768844220559e-01
7.501507537688442140e-01
7.449246231155779441e-01
7.407035175879397304e-01
7.374874371859296840e-01
7.313567839195980191e-01
7.289447236180904843e-01
7.276381909547738891e-01
7.252261306532663543e-01
7.195979899497487731e-01
7.160804020100502987e-01
7.136683417085427639e-01
7.097487437185929782e-01
7.046231155778894806e-01
7.013065326633165508e-01
6.972864321608039928e-01
6.928643216080402345e-01
6.914572864321607559e-01
6.895477386934673047e-01
6.875376884422110813e-01
6.838190954773869512e-01
6.817085427135678444e-01
6.788944723618089983e-01
6.777889447236180587e-01
6.768844221105527748e-01
6.718592964824120495e-01
6.634170854271357332e-01
6.613065326633166263e-01
6.567839195979899847e-01
6.538693467336683662e-01
6.522613065326633430e-01
6.497487437185929249e-01
6.481407035175879017e-01
6.473366834170853901e-01
6.449246231155778553e-01
6.429145728643216318e-01
6.402010050251256690e-01
6.370854271356783949e-01
6.329648241206030646e-01
6.311557788944723857e-01
6.286432160804019675e-01
6.269346733668341720e-01
6.226130653266331860e-01
6.189949748743718283e-01
6.152763819095476983e-01
6.130653266331658191e-01
6.098492462311557727e-01
6.060301507537688703e-01
6.042211055276381915e-01
6.014070351758793453e-01
5.984924623115578379e-01
5.952763819095477915e-01
5.921608040201005174e-01
5.877386934673366481e-01
5.845226130653266017e-01
5.828140703517588062e-01
5.797989949748744154e-01
5.771859296482412249e-01
5.714572864321607604e-01
5.681407035175879416e-01
5.631155778894472164e-01
5.564824120603014679e-01
5.513567839195979703e-01
5.497487437185929471e-01
5.472361809045226400e-01
5.461306532663317004e-01
5.450251256281406498e-01
5.433165829145728543e-01
5.421105527638191424e-01
5.410050251256280918e-01
5.404020100502512358e-01
5.394974874371859519e-01
5.376884422110552730e-01
5.355778894472361662e-01
5.332663316582914037e-01
5.318592964824120362e-01
5.302512562814070129e-01
5.293467336683417290e-01
5.290452261306533011e-01
5.285427135678392174e-01
5.268341708542713109e-01
5.252261306532662877e-01
5.237185929648241478e-01
5.231155778894471808e-01
5.230150753768844085e-01
5.225125628140703249e-01
5.218090452261306966e-01
5.215075376884421576e-01
5.201005025125627901e-01
5.196984924623115898e-01
5.194974874371859341e-01
5.178894472361809109e-01
5.177889447236181386e-01
5.172864321608040550e-01
5.160804020100502321e-01
5.155778894472361484e-01
5.149748743718592925e-01
5.146733668341708645e-01
5.135678391959799249e-01
5.131658291457286136e-01
5.123618090452261020e-01
5.121608040201005574e-01
5.116582914572864738e-01
5.113567839195979348e-01
5.112562814070351624e-01
5.107537688442210788e-01
5.102512562814069952e-01
5.095477386934673669e-01
4.986934673366834048e-01
4.878391959798994981e-01
4.742713567839195732e-01
4.665326633165829406e-01
4.611055276381909596e-01
4.559798994974874620e-01
4.500502512562813973e-01
4.448241206030150718e-01
4.388944723618090626e-01
4.369849246231155560e-01
4.343718592964824210e-01
4.328643216080402256e-01
4.295477386934673514e-01
4.280402010050251005e-01
4.257286432160803935e-01
4.233165829145728587e-01
4.226130653266331749e-01
4.205025125628140681e-01
4.190954773869347005e-01
4.136683417085427195e-01
4.085427135678392219e-01
4.070351758793969710e-01
4.061306532663316315e-01
4.055276381909547756e-01
4.042211055276381804e-01
4.029145728643215851e-01
4.022110552763819014e-01
4.012060301507537896e-01
4.007035175879397060e-01
3.993969849246231107e-01
3.977889447236180875e-01
3.955778894472362084e-01
3.952763819095477249e-01
3.942713567839196132e-01
3.923618090452261065e-01
3.912562814070351669e-01
3.889447236180904599e-01
3.849246231155779019e-01
3.824120603015075393e-01
3.823115577889447114e-01
3.820100502512562834e-01
3.800000000000000044e-01
3.792964824120603207e-01
3.783919597989949812e-01
3.780904522613065533e-01
3.777889447236180698e-01
3.748743718592965068e-01
3.725628140703517444e-01
3.716582914572864049e-01
3.705527638190954653e-01
3.702512562814070374e-01
3.698492462311557816e-01
3.687437185929648420e-01
3.674371859296482468e-01
3.669346733668341631e-01
3.660301507537688237e-01
3.652261306532663121e-01
3.647236180904522840e-01
3.616080402010050099e-01
3.612060301507537541e-01
3.606030150753768981e-01
3.597989949748743865e-01
3.589949748743718749e-01
3.584924623115577913e-01
3.562814070351758566e-01
3.534673366834170660e-01
3.525628140703517821e-01
3.517587939698492705e-01
3.510552763819095312e-01
3.504522613065326753e-01
3.473366834170854012e-01
3.467336683417085452e-01
3.463316582914572894e-01
3.445226130653266106e-01
3.418090452261306478e-01
3.394974874371859408e-01
3.388944723618090293e-01
3.379899497487437454e-01
3.377889447236180898e-01
3.349748743718592991e-01
3.334673366834171038e-01
3.310552763819095690e-01
3.296482412060301459e-01
3.248241206030150763e-01
3.248241206030150763e-01
3.229145728643216251e-01
3.225125628140703693e-01
3.221105527638191135e-01
3.218090452261306300e-01
3.217085427135678577e-01
3.214070351758793742e-01
3.212060301507537741e-01
3.212060301507537741e-01
3.207035175879396904e-01
3.206030150753768626e-01
3.202010050251256068e-01
3.193969849246230952e-01
3.193969849246230952e-01
3.192964824120603229e-01
3.192964824120603229e-01
3.178894472361808998e-01
3.167839195979899602e-01
3.165829145728643046e-01
3.163819095477387044e-01
3.156783919597990207e-01
3.153768844221105372e-01
3.153768844221105372e-01
3.153768844221105372e-01
3.151758793969849370e-01
3.146733668341708534e-01
3.146733668341708534e-01
3.146733668341708534e-01
3.138693467336683418e-01
3.137688442211055140e-01
3.132663316582914304e-01
3.130653266331658302e-01
3.123618090452261464e-01
3.123618090452261464e-01
3.109547738693467234e-01
3.108542713567838955e-01
3.103517587939698674e-01
3.103517587939698674e-01
3.102512562814070396e-01
3.100502512562813839e-01
3.099497487437186116e-01
3.099497487437186116e-01
3.099497487437186116e-01
3.099497487437186116e-01
3.096482412060301281e-01
3.082412060301507606e-01
3.082412060301507606e-01
3.080402010050251049e-01
3.072361809045225933e-01
3.071356783919598210e-01
3.071356783919598210e-01
3.064321608040200817e-01
3.062311557788944816e-01
3.062311557788944816e-01
3.059296482412060536e-01
3.059296482412060536e-01
3.059296482412060536e-01
3.059296482412060536e-01
3.058291457286432258e-01
3.057286432160803979e-01
3.055276381909547978e-01
3.052261306532663143e-01
3.042211055276382026e-01
3.035175879396985188e-01
3.035175879396985188e-01
3.027135678391960072e-01
3.027135678391960072e-01
3.027135678391960072e-01
3.021105527638190957e-01
3.019095477386934401e-01
3.019095477386934401e-01
3.019095477386934401e-01
3.015075376884421843e-01
3.015075376884421843e-01
3.015075376884421843e-01
3.008040201005025005e-01
3.008040201005025005e-01
3.002010050251256446e-01
3.002010050251256446e-01
3.002010050251256446e-01
3.002010050251256446e-01
3.002010050251256446e-01
2.997989949748743888e-01
2.997989949748743888e-01
2.996984924623115609e-01
2.992964824120603051e-01
2.987939698492462215e-01
2.987939698492462215e-01
2.977889447236181097e-01
2.977889447236181097e-01
2.977889447236181097e-01
2.966834170854271147e-01
2.957788944723618307e-01
2.954773869346733473e-01
2.954773869346733473e-01
2.949748743718593191e-01
2.948743718592964913e-01
2.948743718592964913e-01
2.947738693467336635e-01
2.946733668341708356e-01
2.941708542713568075e-01
2.940703517587939797e-01
2.940703517587939797e-01
2.940703517587939797e-01
2.940703517587939797e-01
2.940703517587939797e-01
2.940703517587939797e-01
2.938693467336683240e-01
2.937688442211055517e-01
2.934673366834170682e-01
2.932663316582914681e-01
2.931658291457286403e-01
2.927638190954773845e-01
2.922613065326633008e-01
2.922613065326633008e-01
2.921608040201005285e-01
2.901507537688441940e-01
2.901507537688441940e-01
2.896482412060301659e-01
2.894472361809045102e-01
2.892462311557789101e-01
2.892462311557789101e-01
2.891457286432160823e-01
2.882412060301507428e-01
2.881407035175879150e-01
2.869346733668341476e-01
2.869346733668341476e-01
2.866331658291457196e-01
2.866331658291457196e-01
2.856281407035176079e-01
2.850251256281406964e-01
2.847236180904522684e-01
2.845226130653266128e-01
2.845226130653266128e-01
2.844221105527638405e-01
2.844221105527638405e-01
2.844221105527638405e-01
2.844221105527638405e-01
2.843216080402010126e-01
2.843216080402010126e-01
2.837185929648241012e-01
2.831155778894472452e-01
2.831155778894472452e-01
2.831155778894472452e-01
2.828140703517588173e-01
2.823115577889447336e-01
2.818090452261306500e-01
2.818090452261306500e-01
2.818090452261306500e-01
2.818090452261306500e-01
2.818090452261306500e-01
2.814070351758793942e-01
2.813065326633165664e-01
2.810050251256281384e-01
2.801005025125627990e-01
2.796984924623115432e-01
2.796984924623115432e-01
2.794974874371859430e-01
2.794974874371859430e-01
2.794974874371859430e-01
2.793969849246231152e-01
2.791959798994975150e-01
2.780904522613065200e-01
2.779899497487436921e-01
2.775879396984924363e-01
2.774874371859296640e-01
2.772864321608040084e-01
2.753768844221105572e-01
2.752763819095477293e-01
2.751758793969849015e-01
2.744723618090452177e-01
2.740703517587939619e-01
2.737688442211055340e-01
2.734673366834171060e-01
2.732663316582914503e-01
2.730653266331658502e-01
2.730653266331658502e-01
2.729648241206030224e-01
2.727638190954773667e-01
2.727638190954773667e-01
2.721608040201005108e-01
2.720603015075376829e-01
2.713567839195979992e-01
2.710552763819095712e-01
2.705527638190954876e-01
2.700502512562814039e-01
2.700502512562814039e-01
2.700502512562814039e-01
2.700502512562814039e-01
2.700502512562814039e-01
2.698492462311558038e-01
2.698492462311558038e-01
2.698492462311558038e-01
2.685427135678392085e-01
2.681407035175879527e-01
2.681407035175879527e-01
2.681407035175879527e-01
2.681407035175879527e-01
2.681407035175879527e-01
2.681407035175879527e-01
2.681407035175879527e-01
2.677386934673366969e-01
2.677386934673366969e-01
2.667336683417085297e-01
2.667336683417085297e-01
2.661306532663316737e-01
2.661306532663316737e-01
2.659296482412060181e-01
2.659296482412060181e-01
2.653266331658291621e-01
2.652261306532663343e-01
2.648241206030150785e-01
2.647236180904522507e-01
2.647236180904522507e-01
2.647236180904522507e-01
2.644221105527638227e-01
2.640201005025125669e-01
2.640201005025125669e-01
2.638190954773869112e-01
2.630150753768843996e-01
2.630150753768843996e-01
2.630150753768843996e-01
2.624120603015075437e-01
2.624120603015075437e-01
2.624120603015075437e-01
2.618090452261306322e-01
2.617085427135678599e-01
2.617085427135678599e-01
2.614070351758793764e-01
2.610050251256281206e-01
2.609045226130653483e-01
2.604020100502512647e-01
2.594974874371859253e-01
2.594974874371859253e-01
2.593969849246230974e-01
2.593969849246230974e-01
2.589949748743718416e-01
2.588944723618090693e-01
2.587939698492462415e-01
2.581909547738693300e-01
2.579899497487437299e-01
2.578894472361809020e-01
2.578894472361809020e-01
2.575879396984924741e-01
2.575879396984924741e-01
2.575879396984924741e-01
2.574874371859296462e-01
2.563819095477387067e-01
2.562814070351758788e-01
2.562814070351758788e-01
2.562814070351758788e-01
2.562814070351758788e-01
2.561809045226130510e-01
2.555778894472361951e-01
2.544723618090452000e-01
2.543718592964824277e-01
2.543718592964824277e-01
2.542713567839195998e-01
2.542713567839195998e-01
2.538693467336683440e-01
2.538693467336683440e-01
2.536683417085426884e-01
2.534673366834170882e-01
2.534673366834170882e-01
2.533668341708542604e-01
2.528643216080401768e-01
2.516582914572864094e-01
2.510552763819095534e-01
2.508542713567838978e-01
2.506532663316582976e-01
2.506532663316582976e-01
2.505527638190954698e-01
2.490452261306532744e-01
2.487437185929648187e-01
2.480402010050251349e-01
2.478391959798995070e-01
2.477386934673366792e-01
2.477386934673366792e-01
2.477386934673366792e-01
2.476381909547738791e-01
2.470351758793969954e-01
2.466331658291457396e-01
2.464321608040201117e-01
2.462311557788944838e-01
2.458291457286432280e-01
2.457286432160804002e-01
2.456281407035176001e-01
2.447236180904522607e-01
2.444221105527638327e-01
2.442211055276382048e-01
2.441206030150753770e-01
2.438190954773869212e-01
2.437185929648241212e-01
2.432160804020100375e-01
2.417085427135678422e-01
2.417085427135678422e-01
2.414070351758793864e-01
2.411055276381909585e-01
2.404020100502512469e-01
2.397989949748743632e-01
2.396984924623115631e-01
2.392964824120603073e-01
2.391959798994974795e-01
2.390954773869346794e-01
2.389949748743718516e-01
2.389949748743718516e-01
2.386934673366834236e-01
2.383919597989949679e-01
2.383919597989949679e-01
2.382914572864321678e-01
2.381909547738693400e-01
2.362814070351758888e-01
2.361809045226130610e-01
2.359798994974874331e-01
2.358793969849246330e-01
2.357788944723618052e-01
2.357788944723618052e-01
2.356783919597990051e-01
2.353768844221105494e-01
2.353768844221105494e-01
2.352763819095477493e-01
2.351758793969849215e-01
2.346733668341708656e-01
2.346733668341708656e-01
2.339698492462311541e-01
2.339698492462311541e-01
2.339698492462311541e-01
2.338693467336683540e-01
2.334673366834170982e-01
2.303517587939698519e-01
2.303517587939698519e-01
2.301507537688442240e-01
2.297487437185929682e-01
2.295477386934673403e-01
2.292462311557788845e-01
2.292462311557788845e-01
2.289447236180904566e-01
2.289447236180904566e-01
2.286432160804020008e-01
2.284422110552763729e-01
2.283417085427135729e-01
2.282412060301507450e-01
2.278391959798994892e-01
2.274371859296482334e-01
2.272361809045226055e-01
2.272361809045226055e-01
2.266331658291457218e-01
2.264321608040200939e-01
2.255276381909547823e-01
2.250251256281406986e-01
2.245226130653266428e-01
2.244221105527638149e-01
2.242211055276381870e-01
2.238190954773869312e-01
2.234170854271356754e-01
2.232160804020100475e-01
2.231155778894472475e-01
2.227135678391959916e-01
2.226130653266331638e-01
2.226130653266331638e-01
2.226130653266331638e-01
2.221105527638191079e-01
2.221105527638191079e-01
2.219095477386934800e-01
2.217085427135678521e-01
2.213065326633165963e-01
2.207035175879396849e-01
2.192964824120602896e-01
2.191959798994974895e-01
2.184924623115577780e-01
2.184924623115577780e-01
2.184924623115577780e-01
2.183919597989949779e-01
2.181909547738693500e-01
2.180904522613065222e-01
2.180904522613065222e-01
2.180904522613065222e-01
2.178894472361808943e-01
2.173869346733668384e-01
2.173869346733668384e-01
2.171859296482412105e-01
2.171859296482412105e-01
2.171859296482412105e-01
2.171859296482412105e-01
2.171859296482412105e-01
2.170854271356783827e-01
2.161809045226130710e-01
2.159798994974874431e-01
2.152763819095477316e-01
2.148743718592964758e-01
2.146733668341708479e-01
2.140703517587939642e-01
2.136683417085427084e-01
2.136683417085427084e-01
2.132663316582914526e-01
2.132663316582914526e-01
2.131658291457286525e-01
2.129648241206030246e-01
2.129648241206030246e-01
2.127638190954773967e-01
2.127638190954773967e-01
2.125628140703517688e-01
2.121608040201005130e-01
2.119597989949748851e-01
2.119597989949748851e-01
2.113567839195980014e-01
2.110552763819095456e-01
2.106532663316582898e-01
2.106532663316582898e-01
2.104522613065326619e-01
2.097487437185929782e-01
2.095477386934673503e-01
2.093467336683417224e-01
2.090452261306532666e-01
2.089447236180904388e-01
2.088442211055276387e-01
2.088442211055276387e-01
2.087437185929648109e-01
2.083417085427135551e-01
2.080402010050251271e-01
2.078391959798994992e-01
2.077386934673366714e-01
2.074371859296482434e-01
2.065326633165829040e-01
2.056281407035175923e-01
2.055276381909547645e-01
2.053266331658291366e-01
2.049246231155778808e-01
2.049246231155778808e-01
2.048241206030150807e-01
2.047236180904522529e-01
2.046231155778894528e-01
2.038190954773869412e-01
2.033165829145728576e-01
2.032160804020100575e-01
2.030150753768844296e-01
2.030150753768844296e-01
2.030150753768844296e-01
2.027135678391959739e-01
2.026130653266331738e-01
2.025125628140703460e-01
2.016080402010050343e-01
2.015075376884422065e-01
2.014070351758794064e-01
2.014070351758794064e-01
2.010050251256281506e-01
2.008040201005025227e-01
2.005025125628140670e-01
2.001005025125628112e-01
2.001005025125628112e-01
2.001005025125628112e-01
2.000000000000000111e-01
1.997989949748743832e-01
1.985929648241206158e-01
1.979899497487437321e-01
1.979899497487437321e-01
1.976884422110552764e-01
1.967839195979899369e-01
1.965829145728643090e-01
1.965829145728643090e-01
1.950753768844221137e-01
1.948743718592964858e-01
1.941708542713567742e-01
1.941708542713567742e-01
1.941708542713567742e-01
1.941708542713567742e-01
1.939698492462311463e-01
1.933668341708542626e-01
1.933668341708542626e-01
1.923618090452261231e-01
1.916582914572864393e-01
1.916582914572864393e-01
1.916582914572864393e-01
1.916582914572864393e-01
1.915577889447236115e-01
1.909547738693467278e-01
1.884422110552763929e-01
1.883417085427135651e-01
1.879396984924623093e-01
1.878391959798995092e-01
1.876381909547738813e-01
1.876381909547738813e-01
1.873366834170854256e-01
1.871356783919597977e-01
1.870351758793969976e-01
1.863316582914572861e-01
1.863316582914572861e-01
1.850251256281406909e-01
1.846231155778894351e-01
1.846231155778894351e-01
1.841206030150753792e-01
1.832160804020100398e-01
1.820100502512562723e-01
1.806030150753768770e-01
1.805025125628140770e-01
1.797989949748743654e-01
1.797989949748743654e-01
1.796984924623115654e-01
1.793969849246231096e-01
1.786934673366834259e-01
1.781909547738693422e-01
1.781909547738693422e-01
1.780904522613065422e-01
1.779899497487437143e-01
1.774874371859296585e-01
1.771859296482412027e-01
1.769849246231155748e-01
1.764824120603015190e-01
1.764824120603015190e-01
1.737688442211055284e-01
1.737688442211055284e-01
1.728643216080401890e-01
1.722613065326633053e-01
1.718592964824120495e-01
1.712562814070351658e-01
1.711557788944723657e-01
1.709547738693467378e-01
1.709547738693467378e-01
1.707537688442211099e-01
1.704522613065326542e-01
1.685427135678392030e-01
1.678391959798994915e-01
1.668341708542713520e-01
1.668341708542713520e-01
1.664321608040200962e-01
1.663316582914572961e-01
1.663316582914572961e-01
1.662311557788944683e-01
1.655276381909547845e-01
1.655276381909547845e-01
1.651256281407035287e-01
1.646231155778894450e-01
1.644221105527638171e-01
1.625125628140703382e-01
1.625125628140703382e-01
1.622110552763819102e-01
1.610050251256281428e-01
1.610050251256281428e-01
1.610050251256281428e-01
1.606030150753768870e-01
1.606030150753768870e-01
1.606030150753768870e-01
1.603015075376884313e-01
1.592964824120602918e-01
1.588944723618090360e-01
1.578894472361808965e-01
1.572864321608040128e-01
1.556783919597989896e-01
1.555778894472361895e-01
1.554773869346733617e-01
1.541708542713567942e-01
1.525628140703517710e-01
1.521608040201005152e-01
1.519597989949748873e-01
1.508542713567839200e-01
1.507537688442210921e-01
1.496482412060301526e-01
1.494472361809045247e-01
1.487437185929648131e-01
1.480402010050251294e-01
1.470351758793969899e-01
1.469346733668341620e-01
1.459296482412060225e-01
1.445226130653266272e-01
1.445226130653266272e-01
1.442211055276381992e-01
1.440201005025125713e-01
1.427135678391959761e-01
1.422110552763819202e-01
1.421105527638190924e-01
1.419095477386934645e-01
1.416080402010050365e-01
1.413065326633165808e-01
1.406030150753768970e-01
1.406030150753768970e-01
1.403015075376884413e-01
1.402010050251256412e-01
1.402010050251256412e-01
1.377889447236180787e-01
1.376884422110552786e-01
1.376884422110552786e-01
1.369849246231155671e-01
1.360804020100502554e-01
1.353768844221105438e-01
1.346733668341708601e-01
1.336683417085427206e-01
1.336683417085427206e-01
1.336683417085427206e-01
1.336683417085427206e-01
1.326633165829145811e-01
1.326633165829145811e-01
1.325628140703517532e-01
1.319597989949748695e-01
1.309547738693467300e-01
1.306532663316583021e-01
1.285427135678391952e-01
1.284422110552763951e-01
1.277386934673366836e-01
1.277386934673366836e-01
1.272361809045226000e-01
1.239195979899497535e-01
1.228140703517588000e-01
1.219095477386934606e-01
1.214070351758793909e-01
1.187939698492462282e-01
1.168844221105527631e-01
1.168844221105527631e-01
1.166834170854271352e-01
1.162814070351758794e-01
1.148743718592964841e-01
1.141708542713567864e-01
1.122613065326633214e-01
1.113567839195979958e-01
1.112562814070351819e-01
1.105527638190954842e-01
1.102512562814070285e-01
1.102512562814070285e-01
1.086432160804020053e-01
1.084422110552763774e-01
1.073366834170854239e-01
1.067336683417085402e-01
1.062311557788944705e-01
1.055276381909547728e-01
1.054271356783919589e-01
1.049246231155778891e-01
1.048241206030150752e-01
1.041206030150753775e-01
1.041206030150753775e-01
1.038190954773869357e-01
1.029145728643216101e-01
1.017085427135678427e-01
9.979899497487437765e-02
9.979899497487437765e-02
9.979899497487437765e-02
9.708542713567838711e-02
9.678391959798994526e-02
9.678391959798994526e-02
9.628140703517587551e-02
9.547738693467336391e-02
9.457286432160803835e-02
9.427135678391959650e-02
9.427135678391959650e-02
9.396984924623115465e-02
9.286432160804020119e-02
9.216080402010050354e-02
9.195979899497487564e-02
9.145728643216080589e-02
9.135678391959799194e-02
9.015075376884422453e-02
8.824120603015075948e-02
8.824120603015075948e-02
8.824120603015075948e-02
8.753768844221106182e-02
8.743718592964824787e-02
8.733668341708543392e-02
8.683417085427135029e-02
8.582914572864321079e-02
8.462311557788944338e-02
8.452261306532662943e-02
8.422110552763818758e-02
8.341708542713567598e-02
8.271356783919597833e-02
8.261306532663316438e-02
8.170854271356783882e-02
8.070351758793969932e-02
7.979899497487437376e-02
7.869346733668342031e-02
7.718592964824121105e-02
7.698492462311558315e-02
7.638190954773869945e-02
7.447236180904522052e-02
7.276381909547738336e-02
6.924623115577889509e-02
6.793969849246231374e-02
6.763819095477387189e-02
6.743718592964824399e-02
6.673366834170854633e-02
6.402010050251256967e-02
6.321608040201004419e-02
6.301507537688441629e-02
6.241206030150753953e-02
6.211055276381909768e-02
6.180904522613065583e-02
5.989949748743718383e-02
5.859296482412060247e-02
5.778894472361809087e-02
5.577889447236181186e-02
5.547738693467337001e-02
5.507537688442210727e-02
5.386934673366833987e-02
5.346733668341708406e-02
5.316582914572864221e-02
5.206030150753768876e-02
5.095477386934673530e-02
4.984924623115578185e-02
4.924623115577889121e-02
4.753768844221105405e-02
4.703517587939698430e-02
4.653266331658291455e-02
4.281407035175879144e-02
4.130653266331658219e-02
4.010050251256281478e-02
3.608040201005024983e-02
3.447236180904522662e-02
3.246231155778894761e-02
3.226130653266331971e-02
3.035175879396984772e-02
2.924623115577889426e-02
2.914572864321608031e-02
2.844221105527638266e-02
2.793969849246231291e-02
2.793969849246231291e-02
2.633165829145728623e-02
2.633165829145728623e-02
2.623115577889447228e-02
2.603015075376884438e-02
2.311557788944723635e-02
2.281407035175879450e-02
2.281407035175879450e-02
2.160804020100502362e-02
2.160804020100502362e-02
2.160804020100502362e-02
2.150753768844220967e-02
2.150753768844220967e-02
2.110552763819095387e-02
2.070351758793969807e-02
1.989949748743718647e-02
1.889447236180904349e-02
1.849246231155778769e-02
1.829145728643215979e-02
1.829145728643215979e-02
1.819095477386934584e-02
1.678391959798995053e-02
1.608040201005025288e-02
1.427135678391959830e-02
1.216080402010050188e-02
1.065326633165829089e-02
1.065326633165829089e-02
1.045226130653266298e-02
9.949748743718593233e-03
9.748743718592965332e-03
8.944723618090451994e-03
8.944723618090451994e-03
8.944723618090451994e-03
8.944723618090451994e-03
8.944723618090451994e-03
8.844221105527638044e-03
8.844221105527638044e-03
7.839195979899496805e-03
7.839195979899496805e-03
7.035175879396985202e-03
6.733668341708542483e-03
6.633165829145728533e-03
6.633165829145728533e-03
6.633165829145728533e-03
6.633165829145728533e-03
6.633165829145728533e-03
6.532663316582914582e-03
6.532663316582914582e-03
6.331658291457286682e-03
6.231155778894472731e-03
6.231155778894472731e-03
6.231155778894472731e-03
4.723618090452260873e-03
4.723618090452260873e-03
4.723618090452260873e-03
4.723618090452260873e-03
4.522613065326632972e-03
4.522613065326632972e-03
4.522613065326632972e-03
4.422110552763819022e-03
3.618090452261306551e-03
3.618090452261306551e-03
3.417085427135678217e-03
3.417085427135678217e-03
3.417085427135678217e-03
3.417085427135678217e-03
2.311557788944723461e-03
2.311557788944723461e-03
2.311557788944723461e-03
2.211055276381909511e-03
1.809045226130653276e-03
0.000000000000000000e+00
0.000000000000000000e+00
0.000000000000000000e+00
0.000000000000000000e+00
