1.000000000000000000e+00
9.948743718592965024e-01
9.870351758793969310e-01
9.788944723618090427e-01
9.724623115577889498e-01
9.645226130653266061e-01
9.551758793969848949e-01
9.495477386934673136e-01
9.431155778894472208e-01
9.361809045226130443e-01
9.286432160804020119e-01
9.225125628140703471e-01
9.147738693467336590e-01
9.092462311557788501e-01
9.048241206030150918e-01
9.000000000000000222e-01
8.944723618090452133e-01
8.895477386934673714e-01
8.839195979899497901e-01
8.787939698492461815e-01
8.723618090452260887e-01
8.682412060301507584e-01
8.640201005025125447e-01
8.548743718592964891e-01
8.522613065326632986e-01
8.478391959798995403e-01
8.438190954773869823e-01
8.384924623115578290e-01
8.345728643216080433e-01
8.325628140703517088e-01
8.289447236180904621e-01
8.251256281407035598e-01
8.215075376884422020e-01
8.173869346733668717e-01
8.139698492462311696e-01
8.101507537688442673e-01
8.049246231155778863e-01
8.006030150753769004e-01
7.944723618090452355e-01
7.894472361809045102e-01
7.842211055276382403e-01
7.813065326633166219e-01
7.775879396984924918e-01
7.724623115577889942e-01
7.684422110552764362e-01
7.661306532663316737e-01
7.608040201005025205e-01
7.565829145728643068e-01
7.510552763819094979e-01
7.433165829145728098e-01
7.358793969849246608e-01
7.294472361809045680e-01
7.256281407035175546e-01
7.136683417085427639e-01
7.062311557788945038e-01
6.993969849246230996e-01
6.889447236180904488e-01
6.841206030150753792e-01
6.745728643216080123e-01
6.685427135678392307e-01
6.579899497487436966e-01
6.454271356783919389e-01
6.383919597989949901e-01
6.332663316582914925e-01
6.223115577889447581e-01
6.107537688442210566e-01
6.047236180904522751e-01
5.970854271356783594e-01
5.888442211055275877e-01
5.828140703517588062e-01
5.758793969849246297e-01
5.697487437185929648e-01
5.641206030150753836e-01
5.595979899497487420e-01
5.557788944723618396e-01
5.521608040201004819e-01
5.490452261306533188e-01
5.452261306532663054e-01
5.430150753768844263e-01
5.408040201005025471e-01
5.375879396984925007e-01
5.354773869346733939e-01
5.328643216080402034e-01
5.309547738693467522e-01
5.290452261306533011e-01
5.275376884422110502e-01
5.251256281407035154e-01
5.229145728643216362e-01
5.218090452261306966e-01
5.207035175879396460e-01
5.201005025125627901e-01
5.192964824120602785e-01
5.176884422110552553e-01
5.168844221105527437e-01
5.168844221105527437e-01
5.160804020100502321e-01
5.154773869346733761e-01
5.150753768844220648e-01
5.148743718592965202e-01
5.142713567839195532e-01
5.138693467336683529e-01
5.128643216080401857e-01
5.127638190954774133e-01
5.123618090452261020e-01
5.123618090452261020e-01
5.121608040201005574e-01
5.121608040201005574e-01
5.121608040201005574e-01
5.110552763819095068e-01
5.110552763819095068e-01
5.107537688442210788e-01
5.107537688442210788e-01
5.105527638190954232e-01
5.105527638190954232e-01
5.098492462311557949e-01
5.094472361809044836e-01
5.094472361809044836e-01
5.091457286432160556e-01
5.091457286432160556e-01
5.091457286432160556e-01
5.089447236180904000e-01
5.085427135678391997e-01
5.085427135678391997e-01
5.084422110552764273e-01
5.079396984924623437e-01
5.078391959798994604e-01
5.077386934673366881e-01
5.075376884422110324e-01
5.074371859296482601e-01
5.074371859296482601e-01
5.070351758793969488e-01
5.069346733668341765e-01
5.065326633165828651e-01
5.065326633165828651e-01
4.786934673366834425e-01
4.540703517587939553e-01
4.400000000000000022e-01
4.305527638190954631e-01
4.173869346733668495e-01
3.986934673366834270e-01
3.919597989949748507e-01
3.879396984924622926e-01
3.864321608040200973e-01
3.847236180904522462e-01
3.824120603015075393e-01
3.815075376884421998e-01
3.804020100502512602e-01
3.788944723618090649e-01
3.784924623115578091e-01
3.770854271356783860e-01
3.761809045226130466e-01
3.751758793969849348e-01
3.740703517587939952e-01
3.727638190954774000e-01
3.724623115577889720e-01
3.724623115577889720e-01
3.721608040201004886e-01
3.719597989949748884e-01
3.713567839195979770e-01
3.713567839195979770e-01
3.709547738693467211e-01
3.706532663316582932e-01
3.705527638190954653e-01
3.698492462311557816e-01
3.695477386934673536e-01
3.687437185929648420e-01
3.687437185929648420e-01
3.687437185929648420e-01
3.687437185929648420e-01
3.679396984924623304e-01
3.672361809045225911e-01
3.672361809045225911e-01
3.671356783919598188e-01
3.671356783919598188e-01
3.671356783919598188e-01
3.671356783919598188e-01
3.669346733668341631e-01
3.669346733668341631e-01
3.669346733668341631e-01
3.667336683417085630e-01
3.665326633165829073e-01
3.662311557788944794e-01
3.662311557788944794e-01
3.660301507537688237e-01
3.659296482412060514e-01
3.658291457286432236e-01
3.658291457286432236e-01
3.658291457286432236e-01
3.653266331658291399e-01
3.650251256281407120e-01
3.647236180904522840e-01
3.647236180904522840e-01
3.642211055276382003e-01
3.640201005025125447e-01
3.638190954773869445e-01
3.635175879396985166e-01
3.634170854271356887e-01
3.631155778894472608e-01
3.626130653266331771e-01
3.625125628140703493e-01
3.623115577889447492e-01
3.622110552763819213e-01
3.621105527638190935e-01
3.619095477386934934e-01
3.617085427135678377e-01
3.613065326633165819e-01
3.609045226130653261e-01
3.606030150753768981e-01
3.601005025125628145e-01
3.593969849246231307e-01
3.591959798994974751e-01
3.585929648241206191e-01
3.585929648241206191e-01
3.583919597989949635e-01
3.572864321608040239e-01
3.567839195979899403e-01
3.562814070351758566e-01
3.551758793969849171e-01
3.544723618090452333e-01
3.536683417085427217e-01
3.529648241206030379e-01
3.525628140703517821e-01
3.522613065326632986e-01
3.513567839195980147e-01
3.510552763819095312e-01
3.509547738693467589e-01
3.502512562814070196e-01
3.495477386934673358e-01
3.494472361809045080e-01
3.486432160804019964e-01
3.486432160804019964e-01
3.481407035175879128e-01
3.477386934673366570e-01
3.473366834170854012e-01
3.468341708542713731e-01
3.461306532663316338e-01
3.457286432160803780e-01
3.455276381909547778e-01
3.450251256281406942e-01
3.448241206030150940e-01
3.444221105527638382e-01
3.440201005025125824e-01
3.439195979899497546e-01
3.435175879396984988e-01
3.434170854271356710e-01
3.432160804020100708e-01
3.430150753768844152e-01
3.426130653266331594e-01
3.423115577889447314e-01
3.423115577889447314e-01
3.414070351758793920e-01
3.412060301507537918e-01
3.403015075376884524e-01
3.400000000000000244e-01
3.400000000000000244e-01
3.397989949748743688e-01
3.393969849246231130e-01
3.388944723618090293e-01
3.382914572864321734e-01
3.382914572864321734e-01
3.366834170854271502e-01
3.366834170854271502e-01
3.360804020100502387e-01
3.357788944723618108e-01
3.338693467336683596e-01
3.338693467336683596e-01
3.330653266331658480e-01
3.325628140703517643e-01
3.320603015075376807e-01
3.320603015075376807e-01
3.306532663316583132e-01
3.299497487437185739e-01
3.296482412060301459e-01
3.282412060301507783e-01
3.276381909547738669e-01
3.266331658291457551e-01
3.258291457286432435e-01
3.257286432160804157e-01
3.245226130653266483e-01
3.239195979899497368e-01
3.228140703517587973e-01
3.217085427135678577e-01
3.210050251256281184e-01
3.207035175879396904e-01
3.194974874371859230e-01
3.191959798994974951e-01
3.180904522613065555e-01
3.178894472361808998e-01
3.166834170854271324e-01
3.166834170854271324e-01
3.160804020100502765e-01
3.144723618090452533e-01
3.138693467336683418e-01
3.129648241206030024e-01
3.119597989949748906e-01
3.113567839195979792e-01
3.110552763819095512e-01
3.108542713567838955e-01
3.108542713567838955e-01
3.086432160804020164e-01
3.065326633165829096e-01
3.065326633165829096e-01
3.046231155778894584e-01
3.040201005025125469e-01
3.021105527638190957e-01
3.014070351758794120e-01
2.998994974874371611e-01
2.994974874371859053e-01
2.986934673366833937e-01
2.985929648241206213e-01
2.979899497487437099e-01
2.974874371859296263e-01
2.953768844221105749e-01
2.953768844221105749e-01
2.953768844221105749e-01
2.943718592964824077e-01
2.934673366834170682e-01
2.921608040201005285e-01
2.916582914572864449e-01
2.915577889447236171e-01
2.906532663316582776e-01
2.906532663316582776e-01
2.897487437185929382e-01
2.893467336683416824e-01
2.887437185929648265e-01
2.880402010050251427e-01
2.870351758793969754e-01
2.870351758793969754e-01
2.860301507537688637e-01
2.859296482412060358e-01
2.855276381909547800e-01
2.840201005025125847e-01
2.839195979899497568e-01
2.837185929648241012e-01
2.829145728643215896e-01
2.828140703517588173e-01
2.823115577889447336e-01
2.819095477386934778e-01
2.815075376884422220e-01
2.804020100502512824e-01
2.798994974874371988e-01
2.790954773869346872e-01
2.789949748743718594e-01
2.788944723618090316e-01
2.772864321608040084e-01
2.755778894472361573e-01
2.753768844221105572e-01
2.727638190954773667e-01
2.726633165829145944e-01
2.720603015075376829e-01
2.701507537688442318e-01
2.692462311557788923e-01
2.690452261306532922e-01
2.690452261306532922e-01
2.676381909547738691e-01
2.675376884422110413e-01
2.674371859296482135e-01
2.673366834170854411e-01
2.664321608040201017e-01
2.659296482412060181e-01
2.657286432160804179e-01
2.655276381909547623e-01
2.650251256281406786e-01
2.639195979899497391e-01
2.638190954773869112e-01
2.637185929648241389e-01
2.634170854271356554e-01
2.628140703517587995e-01
2.606030150753768648e-01
2.604020100502512647e-01
2.603015075376884369e-01
2.589949748743718416e-01
2.583919597989949857e-01
2.581909547738693300e-01
2.579899497487437299e-01
2.570854271356783904e-01
2.570854271356783904e-01
2.557788944723617952e-01
2.557788944723617952e-01
2.557788944723617952e-01
2.548743718592964558e-01
2.545728643216080278e-01
2.537688442211055162e-01
2.537688442211055162e-01
2.534673366834170882e-01
2.526633165829145766e-01
2.525628140703517488e-01
2.513567839195979814e-01
2.512562814070351536e-01
2.509547738693467256e-01
2.499497487437185861e-01
2.494472361809045302e-01
2.492462311557789023e-01
2.491457286432160745e-01
2.491457286432160745e-01
2.487437185929648187e-01
2.487437185929648187e-01
2.478391959798995070e-01
2.477386934673366792e-01
2.477386934673366792e-01
2.469346733668341676e-01
2.464321608040201117e-01
2.459296482412060281e-01
2.452261306532663443e-01
2.452261306532663443e-01
2.451256281407035165e-01
2.443216080402010049e-01
2.441206030150753770e-01
2.441206030150753770e-01
2.429145728643216096e-01
2.429145728643216096e-01
2.426130653266331538e-01
2.413065326633165864e-01
2.408040201005025027e-01
2.408040201005025027e-01
2.406030150753768748e-01
2.406030150753768748e-01
2.403015075376884468e-01
2.402010050251256190e-01
2.391959798994974795e-01
2.391959798994974795e-01
2.385929648241205958e-01
2.384924623115577957e-01
2.384924623115577957e-01
2.383919597989949679e-01
2.372864321608040283e-01
2.369849246231155726e-01
2.367839195979899447e-01
2.365829145728643168e-01
2.361809045226130610e-01
2.361809045226130610e-01
2.358793969849246330e-01
2.357788944723618052e-01
2.357788944723618052e-01
2.355778894472361773e-01
2.354773869346733772e-01
2.351758793969849215e-01
2.350753768844221214e-01
2.350753768844221214e-01
2.343718592964824099e-01
2.340703517587939819e-01
2.340703517587939819e-01
2.339698492462311541e-01
2.339698492462311541e-01
2.336683417085427261e-01
2.336683417085427261e-01
2.333668341708542704e-01
2.318592964824120473e-01
2.317587939698492472e-01
2.316582914572864194e-01
2.304522613065326520e-01
2.302512562814070241e-01
2.301507537688442240e-01
2.296482412060301403e-01
2.296482412060301403e-01
2.294472361809045124e-01
2.294472361809045124e-01
2.290452261306532566e-01
2.290452261306532566e-01
2.289447236180904566e-01
2.288442211055276287e-01
2.288442211055276287e-01
2.288442211055276287e-01
2.286432160804020008e-01
2.277386934673366892e-01
2.277386934673366892e-01
2.277386934673366892e-01
2.277386934673366892e-01
2.268341708542713497e-01
2.263316582914572939e-01
2.263316582914572939e-01
2.261306532663316660e-01
2.257286432160804102e-01
2.256281407035175823e-01
2.256281407035175823e-01
2.256281407035175823e-01
2.246231155778894428e-01
2.245226130653266428e-01
2.245226130653266428e-01
2.245226130653266428e-01
2.243216080402010149e-01
2.243216080402010149e-01
2.239195979899497591e-01
2.236180904522613033e-01
2.236180904522613033e-01
2.235175879396985033e-01
2.233165829145728754e-01
2.231155778894472475e-01
2.229145728643216195e-01
2.226130653266331638e-01
2.226130653266331638e-01
2.221105527638191079e-01
2.216080402010050243e-01
2.215075376884422242e-01
2.212060301507537685e-01
2.212060301507537685e-01
2.210050251256281406e-01
2.209045226130653128e-01
2.201005025125628012e-01
2.200000000000000011e-01
2.196984924623115454e-01
2.196984924623115454e-01
2.195979899497487453e-01
2.189949748743718616e-01
2.186934673366834059e-01
2.179899497487437221e-01
2.179899497487437221e-01
2.177889447236180942e-01
2.167839195979899547e-01
2.159798994974874431e-01
2.157788944723618152e-01
2.154773869346733595e-01
2.152763819095477316e-01
2.148743718592964758e-01
2.143718592964824199e-01
2.137688442211055362e-01
2.137688442211055362e-01
2.130653266331658247e-01
2.125628140703517688e-01
2.122613065326633131e-01
2.121608040201005130e-01
2.116582914572864293e-01
2.113567839195980014e-01
2.113567839195980014e-01
2.109547738693467456e-01
2.107537688442211177e-01
2.107537688442211177e-01
2.107537688442211177e-01
2.106532663316582898e-01
2.100502512562814061e-01
2.098492462311557782e-01
2.096482412060301503e-01
2.092462311557788945e-01
2.089447236180904388e-01
2.085427135678391830e-01
2.076381909547738713e-01
2.075376884422110435e-01
2.071356783919597877e-01
2.071356783919597877e-01
2.070351758793969876e-01
2.068341708542713597e-01
2.059296482412060203e-01
2.059296482412060203e-01
2.054271356783919644e-01
2.054271356783919644e-01
2.049246231155778808e-01
2.048241206030150807e-01
2.042211055276381970e-01
2.042211055276381970e-01
2.023115577889447181e-01
2.022110552763819180e-01
2.009045226130653228e-01
2.009045226130653228e-01
1.997989949748743832e-01
1.997989949748743832e-01
1.993969849246231274e-01
1.981909547738693600e-01
1.976884422110552764e-01
1.970854271356783927e-01
1.968844221105527648e-01
1.967839195979899369e-01
1.965829145728643090e-01
1.964824120603015090e-01
1.964824120603015090e-01
1.959798994974874253e-01
1.956783919597989974e-01
1.956783919597989974e-01
1.953768844221105416e-01
1.953768844221105416e-01
1.950753768844221137e-01
1.947738693467336579e-01
1.946733668341708579e-01
1.944723618090452300e-01
1.935678391959798905e-01
1.931658291457286347e-01
1.929648241206030068e-01
1.924623115577889509e-01
1.923618090452261231e-01
1.916582914572864393e-01
1.913567839195979836e-01
1.913567839195979836e-01
1.901507537688442162e-01
1.882412060301507650e-01
1.881407035175879372e-01
1.880402010050251371e-01
1.871356783919597977e-01
1.871356783919597977e-01
1.864321608040201139e-01
1.862311557788944860e-01
1.861306532663316582e-01
1.861306532663316582e-01
1.861306532663316582e-01
1.858291457286432025e-01
1.851256281407035187e-01
1.841206030150753792e-01
1.837185929648241234e-01
1.832160804020100398e-01
1.831155778894472397e-01
1.829145728643216118e-01
1.828140703517587839e-01
1.825125628140703560e-01
1.818090452261306444e-01
1.813065326633165886e-01
1.813065326633165886e-01
1.813065326633165886e-01
1.805025125628140770e-01
1.805025125628140770e-01
1.799999999999999933e-01
1.799999999999999933e-01
1.797989949748743654e-01
1.795979899497487375e-01
1.794974874371859375e-01
1.791959798994974817e-01
1.790954773869346817e-01
1.790954773869346817e-01
1.785929648241205980e-01
1.783919597989949701e-01
1.783919597989949701e-01
1.773869346733668306e-01
1.773869346733668306e-01
1.772864321608040306e-01
1.772864321608040306e-01
1.769849246231155748e-01
1.768844221105527748e-01
1.765829145728643190e-01
1.765829145728643190e-01
1.765829145728643190e-01
1.760804020100502632e-01
1.760804020100502632e-01
1.760804020100502632e-01
1.760804020100502632e-01
1.753768844221105516e-01
1.752763819095477515e-01
1.742713567839195843e-01
1.741708542713567842e-01
1.733668341708542726e-01
1.733668341708542726e-01
1.728643216080401890e-01
1.727638190954773889e-01
1.727638190954773889e-01
1.727638190954773889e-01
1.727638190954773889e-01
1.727638190954773889e-01
1.720603015075376774e-01
1.719597989949748773e-01
1.715577889447236215e-01
1.713567839195979936e-01
1.707537688442211099e-01
1.700502512562813984e-01
1.690452261306532589e-01
1.689447236180904588e-01
1.687437185929648309e-01
1.687437185929648309e-01
1.686432160804020031e-01
1.685427135678392030e-01
1.685427135678392030e-01
1.681407035175879472e-01
1.681407035175879472e-01
1.678391959798994915e-01
1.674371859296482357e-01
1.673366834170854356e-01
1.666331658291457241e-01
1.665326633165829240e-01
1.662311557788944683e-01
1.662311557788944683e-01
1.661306532663316682e-01
1.661306532663316682e-01
1.661306532663316682e-01
1.661306532663316682e-01
1.661306532663316682e-01
1.661306532663316682e-01
1.652261306532663288e-01
1.652261306532663288e-01
1.652261306532663288e-01
1.639195979899497613e-01
1.638190954773869334e-01
1.630150753768844218e-01
1.629145728643216218e-01
1.627135678391959661e-01
1.625125628140703382e-01
1.620100502512562823e-01
1.620100502512562823e-01
1.620100502512562823e-01
1.619095477386934545e-01
1.619095477386934545e-01
1.609045226130653150e-01
1.594974874371859197e-01
1.586934673366834081e-01
1.570854271356783849e-01
1.570854271356783849e-01
1.567839195979899569e-01
1.560804020100502454e-01
1.558793969849246175e-01
1.556783919597989896e-01
1.556783919597989896e-01
1.554773869346733617e-01
1.554773869346733617e-01
1.551758793969849337e-01
1.550753768844221059e-01
1.539698492462311663e-01
1.530653266331658269e-01
1.530653266331658269e-01
1.530653266331658269e-01
1.523618090452261431e-01
1.515577889447236315e-01
1.514572864321608037e-01
1.513567839195980036e-01
1.510552763819095479e-01
1.510552763819095479e-01
1.509547738693467200e-01
1.505527638190954642e-01
1.505527638190954642e-01
1.505527638190954642e-01
1.504522613065326642e-01
1.498492462311557805e-01
1.489447236180904410e-01
1.489447236180904410e-01
1.487437185929648131e-01
1.484422110552763852e-01
1.484422110552763852e-01
1.484422110552763852e-01
1.483417085427135573e-01
1.480402010050251294e-01
1.477386934673366736e-01
1.475376884422110457e-01
1.473366834170854178e-01
1.473366834170854178e-01
1.471356783919597899e-01
1.470351758793969899e-01
1.470351758793969899e-01
1.463316582914572783e-01
1.459296482412060225e-01
1.448241206030150829e-01
1.443216080402009993e-01
1.443216080402009993e-01
1.432160804020100597e-01
1.430150753768844318e-01
1.430150753768844318e-01
1.430150753768844318e-01
1.425125628140703482e-01
1.423115577889447203e-01
1.408040201005025249e-01
1.407035175879396971e-01
1.401005025125628134e-01
1.401005025125628134e-01
1.401005025125628134e-01
1.401005025125628134e-01
1.396984924623115576e-01
1.396984924623115576e-01
1.384924623115577902e-01
1.382914572864321623e-01
1.381909547738693345e-01
1.371859296482411950e-01
1.371859296482411950e-01
1.368844221105527670e-01
1.365829145728643113e-01
1.361809045226130555e-01
1.360804020100502554e-01
1.360804020100502554e-01
1.354773869346733717e-01
1.351758793969849159e-01
1.345728643216080322e-01
1.345728643216080322e-01
1.345728643216080322e-01
1.344723618090452322e-01
1.336683417085427206e-01
1.333668341708542648e-01
1.317587939698492416e-01
1.312562814070351858e-01
1.305527638190954742e-01
1.294472361809045347e-01
1.288442211055276510e-01
1.286432160804020230e-01
1.279396984924623115e-01
1.279396984924623115e-01
1.278391959798994837e-01
1.276381909547738558e-01
1.273366834170854278e-01
1.268341708542713442e-01
1.258291457286432047e-01
1.254271356783919489e-01
1.250251256281406931e-01
1.246231155778894512e-01
1.239195979899497535e-01
1.236180904522613117e-01
1.231155778894472419e-01
1.230150753768844279e-01
1.222110552763819163e-01
1.211055276381909490e-01
1.201005025125628095e-01
1.199999999999999956e-01
1.195979899497487398e-01
1.187939698492462282e-01
1.184924623115577863e-01
1.183919597989949724e-01
1.176884422110552747e-01
1.172864321608040189e-01
1.165829145728643212e-01
1.163819095477386933e-01
1.161809045226130654e-01
1.156783919597989957e-01
1.151758793969849259e-01
1.144723618090452283e-01
1.140703517587939725e-01
1.131658291457286469e-01
1.126633165829145772e-01
1.125628140703517632e-01
1.116582914572864377e-01
1.107537688442211121e-01
1.104522613065326564e-01
1.098492462311557727e-01
1.098492462311557727e-01
1.087437185929648192e-01
1.078391959798994937e-01
1.061306532663316565e-01
1.059296482412060286e-01
1.057286432160804007e-01
1.047236180904522612e-01
1.046231155778894473e-01
1.045226130653266333e-01
1.034170854271356799e-01
1.028140703517587962e-01
1.024120603015075404e-01
1.023115577889447264e-01
1.015075376884422148e-01
1.009045226130653311e-01
1.008040201005025172e-01
1.000000000000000056e-01
9.969849246231156370e-02
9.919597989949749395e-02
9.879396984924622427e-02
9.829145728643215452e-02
9.809045226130652662e-02
9.798994974874371267e-02
9.768844221105527081e-02
9.718592964824120106e-02
9.618090452261306156e-02
9.517587939698492205e-02
9.507537688442210810e-02
9.417085427135678255e-02
9.346733668341708490e-02
9.286432160804020119e-02
9.236180904522613144e-02
9.185929648241206169e-02
9.125628140703517799e-02
9.075376884422110824e-02
8.874371859296482923e-02
8.804020100502513158e-02
8.783919597989950367e-02
8.693467336683416424e-02
8.673366834170853634e-02
8.592964824120602474e-02
8.482412060301507128e-02
8.442211055276381548e-02
8.402010050251255968e-02
8.361809045226130388e-02
8.261306532663316438e-02
8.201005025125628067e-02
8.050251256281407142e-02
7.989949748743718771e-02
7.949748743718593191e-02
7.859296482412060636e-02
7.788944723618090871e-02
7.768844221105528081e-02
7.738693467336683895e-02
7.678391959798995525e-02
7.618090452261307155e-02
7.547738693467336002e-02
7.457286432160803447e-02
7.457286432160803447e-02
7.346733668341708101e-02
7.276381909547738336e-02
7.115577889447236015e-02
7.085427135678391830e-02
7.065326633165829040e-02
6.904522613065326719e-02
6.783919597989949979e-02
6.733668341708543004e-02
6.633165829145729053e-02
6.512562814070352313e-02
6.371859296482411394e-02
6.331658291457285814e-02
6.331658291457285814e-02
6.271356783919597444e-02
6.211055276381909768e-02
6.100502512562813728e-02
5.999999999999999778e-02
5.929648241206030013e-02
5.879396984924623037e-02
5.728643216080402112e-02
5.678391959798995137e-02
5.648241206030150952e-02
5.567839195979899791e-02
5.517587939698492122e-02
5.437185929648240962e-02
5.376884422110552592e-02
5.165829145728643296e-02
5.095477386934673530e-02
4.954773869346734000e-02
4.904522613065326331e-02
4.884422110552763541e-02
4.723618090452261220e-02
4.713567839195979825e-02
4.562814070351758899e-02
4.452261306532663554e-02
4.321608040201004725e-02
4.130653266331658219e-02
3.969849246231155898e-02
3.748743718592964513e-02
3.517587939698492427e-02
3.266331658291457551e-02
3.115577889447236279e-02
2.944723618090452216e-02
2.623115577889447228e-02
2.180904522613065499e-02
1.959798994974874461e-02
1.668341708542713658e-02
1.386934673366834250e-02
1.216080402010050188e-02
1.085427135678391879e-02
8.241206030150754341e-03
7.638190954773869772e-03
7.638190954773869772e-03
6.934673366834171251e-03
6.934673366834171251e-03
6.331658291457286682e-03
5.025125628140703592e-03
4.623115577889446923e-03
4.422110552763819022e-03
4.120603015075377171e-03
3.819095477386934886e-03
3.618090452261306551e-03
3.316582914572864266e-03
3.115577889447236366e-03
2.914572864321608031e-03
2.914572864321608031e-03
2.914572864321608031e-03
2.814070351758794081e-03
2.814070351758794081e-03
2.814070351758794081e-03
2.814070351758794081e-03
2.814070351758794081e-03
2.814070351758794081e-03
2.412060301507537845e-03
2.412060301507537845e-03
2.412060301507537845e-03
2.412060301507537845e-03
2.412060301507537845e-03
2.211055276381909511e-03
1.909547738693467443e-03
1.909547738693467443e-03
1.708542713567839108e-03
1.608040201005025158e-03
1.608040201005025158e-03
1.608040201005025158e-03
1.507537688442210991e-03
1.306532663316582873e-03
1.306532663316582873e-03
1.306532663316582873e-03
1.206030150753768923e-03
9.045226130653266378e-04
9.045226130653266378e-04
9.045226130653266378e-04
9.045226130653266378e-04
8.040201005025125790e-04
6.030150753768844614e-04
6.030150753768844614e-04
6.030150753768844614e-04
6.030150753768844614e-04
6.030150753768844614e-04
6.030150753768844614e-04
5.025125628140704025e-04
5.025125628140704025e-04
5.025125628140704025e-04
5.025125628140704025e-04
5.025125628140704025e-04
5.025125628140704025e-04
5.025125628140704025e-04
4.020100502512562895e-04
4.020100502512562895e-04
4.020100502512562895e-04
4.020100502512562895e-04
4.020100502512562895e-04
3.015075376884422307e-04
3.015075376884422307e-04
3.015075376884422307e-04
3.015075376884422307e-04
3.015075376884422307e-04
2.010050251256281448e-04
1.005025125628140724e-04
1.005025125628140724e-04
0.000000000000000000e+00
0.000000000000000000e+00
0.000000000000000000e+00
0.000000000000000000e+00
0.000000000000000000e+00
0.000000000000000000e+00
0.000000000000000000e+00
0.000000000000000000e+00
0.000000000000000000e+00
