9.994391475042063711e-01
9.988782950084127421e-01
9.983174425126192242e-01
9.977565900168255952e-01
9.960740325294447084e-01
9.949523275378575615e-01
9.949523275378575615e-01
9.949523275378575615e-01
9.949523275378575615e-01
9.949523275378575615e-01
9.949523275378575615e-01
9.949523275378575615e-01
9.949523275378575615e-01
9.943914750420639326e-01
9.943914750420639326e-01
9.938306225462703036e-01
9.938306225462703036e-01
9.932697700504766747e-01
9.932697700504766747e-01
9.921480650588895278e-01
9.915872125630958989e-01
9.915872125630958989e-01
9.910263600673022699e-01
9.910263600673022699e-01
9.910263600673022699e-01
9.910263600673022699e-01
9.904655075715086410e-01
9.899046550757151230e-01
9.899046550757151230e-01
9.899046550757151230e-01
9.899046550757151230e-01
9.899046550757151230e-01
9.899046550757151230e-01
9.899046550757151230e-01
9.899046550757151230e-01
9.899046550757151230e-01
9.887829500841278652e-01
9.876612450925406073e-01
9.871003925967470893e-01
9.871003925967470893e-01
9.865395401009534604e-01
9.865395401009534604e-01
9.859786876051598314e-01
9.859786876051598314e-01
9.859786876051598314e-01
9.859786876051598314e-01
9.859786876051598314e-01
9.859786876051598314e-01
9.859786876051598314e-01
9.854178351093662025e-01
9.854178351093662025e-01
9.854178351093662025e-01
9.854178351093662025e-01
9.848569826135726846e-01
9.848569826135726846e-01
9.831744251261917977e-01
9.803701626472237640e-01
9.786876051598429882e-01
9.775659001682557303e-01
9.764441951766685834e-01
9.753224901850813255e-01
9.747616376892876966e-01
9.736399326977005497e-01
9.725182277061132918e-01
9.674705552439708534e-01
9.669097027481772244e-01
9.663488502523835955e-01
9.652271452607964486e-01
9.652271452607964486e-01
9.641054402692091907e-01
9.641054402692091907e-01
9.641054402692091907e-01
9.635445877734155617e-01
9.635445877734155617e-01
9.635445877734155617e-01
9.635445877734155617e-01
9.629837352776219328e-01
9.629837352776219328e-01
9.629837352776219328e-01
9.624228827818284149e-01
9.624228827818284149e-01
9.624228827818284149e-01
9.624228827818284149e-01
9.624228827818284149e-01
9.624228827818284149e-01
9.624228827818284149e-01
9.624228827818284149e-01
9.624228827818284149e-01
9.618620302860347859e-01
9.618620302860347859e-01
9.613011777902411570e-01
9.590577678070667522e-01
9.590577678070667522e-01
9.590577678070667522e-01
9.590577678070667522e-01
9.584969153112731233e-01
9.584969153112731233e-01
9.584969153112731233e-01
9.584969153112731233e-01
9.584969153112731233e-01
9.584969153112731233e-01
9.584969153112731233e-01
9.584969153112731233e-01
9.584969153112731233e-01
9.584969153112731233e-01
9.584969153112731233e-01
9.584969153112731233e-01
9.584969153112731233e-01
9.584969153112731233e-01
9.584969153112731233e-01
9.584969153112731233e-01
9.584969153112731233e-01
9.584969153112731233e-01
9.584969153112731233e-01
9.584969153112731233e-01
9.584969153112731233e-01
9.584969153112731233e-01
9.584969153112731233e-01
9.584969153112731233e-01
9.584969153112731233e-01
9.584969153112731233e-01
9.584969153112731233e-01
9.584969153112731233e-01
9.584969153112731233e-01
9.584969153112731233e-01
9.584969153112731233e-01
9.584969153112731233e-01
9.584969153112731233e-01
9.584969153112731233e-01
9.584969153112731233e-01
9.584969153112731233e-01
9.584969153112731233e-01
9.584969153112731233e-01
9.584969153112731233e-01
9.584969153112731233e-01
9.584969153112731233e-01
9.584969153112731233e-01
9.584969153112731233e-01
9.584969153112731233e-01
9.584969153112731233e-01
9.584969153112731233e-01
9.584969153112731233e-01
9.584969153112731233e-01
9.584969153112731233e-01
9.584969153112731233e-01
9.584969153112731233e-01
8.872686483454851336e-01
8.872686483454851336e-01
8.872686483454851336e-01
8.872686483454851336e-01
8.872686483454851336e-01
8.872686483454851336e-01
8.872686483454851336e-01
8.872686483454851336e-01
8.872686483454851336e-01
8.872686483454851336e-01
8.872686483454851336e-01
8.872686483454851336e-01
8.872686483454851336e-01
8.872686483454851336e-01
8.872686483454851336e-01
8.872686483454851336e-01
8.872686483454851336e-01
8.872686483454851336e-01
8.872686483454851336e-01
8.872686483454851336e-01
8.872686483454851336e-01
8.872686483454851336e-01
8.872686483454851336e-01
8.872686483454851336e-01
8.872686483454851336e-01
8.872686483454851336e-01
8.872686483454851336e-01
8.872686483454851336e-01
8.872686483454851336e-01
8.872686483454851336e-01
8.872686483454851336e-01
8.872686483454851336e-01
8.872686483454851336e-01
8.872686483454851336e-01
8.872686483454851336e-01
8.872686483454851336e-01
8.872686483454851336e-01
8.872686483454851336e-01
8.872686483454851336e-01
8.872686483454851336e-01
8.872686483454851336e-01
8.872686483454851336e-01
8.872686483454851336e-01
8.872686483454851336e-01
8.872686483454851336e-01
8.872686483454851336e-01
8.872686483454851336e-01
8.872686483454851336e-01
8.872686483454851336e-01
8.872686483454851336e-01
8.872686483454851336e-01
8.872686483454851336e-01
8.872686483454851336e-01
8.872686483454851336e-01
8.872686483454851336e-01
8.872686483454851336e-01
8.872686483454851336e-01
8.872686483454851336e-01
8.872686483454851336e-01
8.867077958496915047e-01
8.867077958496915047e-01
8.867077958496915047e-01
8.867077958496915047e-01
8.867077958496915047e-01
8.867077958496915047e-01
8.867077958496915047e-01
8.867077958496915047e-01
8.867077958496915047e-01
8.867077958496915047e-01
8.867077958496915047e-01
8.867077958496915047e-01
8.867077958496915047e-01
8.867077958496915047e-01
8.867077958496915047e-01
8.867077958496915047e-01
8.867077958496915047e-01
8.867077958496915047e-01
8.867077958496915047e-01
8.867077958496915047e-01
8.867077958496915047e-01
8.867077958496915047e-01
8.867077958496915047e-01
8.867077958496915047e-01
8.861469433538978757e-01
8.861469433538978757e-01
8.861469433538978757e-01
8.861469433538978757e-01
8.861469433538978757e-01
8.861469433538978757e-01
8.861469433538978757e-01
8.861469433538978757e-01
8.861469433538978757e-01
8.861469433538978757e-01
8.861469433538978757e-01
8.855860908581043578e-01
8.855860908581043578e-01
8.855860908581043578e-01
8.855860908581043578e-01
8.855860908581043578e-01
8.855860908581043578e-01
8.855860908581043578e-01
8.855860908581043578e-01
8.855860908581043578e-01
8.855860908581043578e-01
8.855860908581043578e-01
8.855860908581043578e-01
8.855860908581043578e-01
8.855860908581043578e-01
8.850252383623107288e-01
8.850252383623107288e-01
8.839035333707234710e-01
8.839035333707234710e-01
8.839035333707234710e-01
8.839035333707234710e-01
8.833426808749298420e-01
8.833426808749298420e-01
8.833426808749298420e-01
8.833426808749298420e-01
8.833426808749298420e-01
8.822209758833426951e-01
8.822209758833426951e-01
8.822209758833426951e-01
8.822209758833426951e-01
8.822209758833426951e-01
8.822209758833426951e-01
8.822209758833426951e-01
8.816601233875490662e-01
8.816601233875490662e-01
8.816601233875490662e-01
8.816601233875490662e-01
8.816601233875490662e-01
8.816601233875490662e-01
8.816601233875490662e-01
8.816601233875490662e-01
8.816601233875490662e-01
8.816601233875490662e-01
8.805384183959618083e-01
8.805384183959618083e-01
8.805384183959618083e-01
8.805384183959618083e-01
8.799775659001682904e-01
8.799775659001682904e-01
8.782950084127874035e-01
8.782950084127874035e-01
8.782950084127874035e-01
8.782950084127874035e-01
8.782950084127874035e-01
8.782950084127874035e-01
8.782950084127874035e-01
8.782950084127874035e-01
8.782950084127874035e-01
8.782950084127874035e-01
8.782950084127874035e-01
8.782950084127874035e-01
8.771733034212002567e-01
8.771733034212002567e-01
8.771733034212002567e-01
8.766124509254066277e-01
8.766124509254066277e-01
8.766124509254066277e-01
8.766124509254066277e-01
8.766124509254066277e-01
8.766124509254066277e-01
8.766124509254066277e-01
8.760515984296129988e-01
8.760515984296129988e-01
8.760515984296129988e-01
8.760515984296129988e-01
8.754907459338193698e-01
8.754907459338193698e-01
8.754907459338193698e-01
8.754907459338193698e-01
8.754907459338193698e-01
8.754907459338193698e-01
8.754907459338193698e-01
8.749298934380258519e-01
8.749298934380258519e-01
8.749298934380258519e-01
8.749298934380258519e-01
8.749298934380258519e-01
8.704430734716769313e-01
8.704430734716769313e-01
8.704430734716769313e-01
8.704430734716769313e-01
8.693213684800897845e-01
8.693213684800897845e-01
8.693213684800897845e-01
8.693213684800897845e-01
8.687605159842961555e-01
8.687605159842961555e-01
8.687605159842961555e-01
8.687605159842961555e-01
8.687605159842961555e-01
8.676388109927088976e-01
8.676388109927088976e-01
8.676388109927088976e-01
8.676388109927088976e-01
8.676388109927088976e-01
8.676388109927088976e-01
8.665171060011217508e-01
8.665171060011217508e-01
8.665171060011217508e-01
8.665171060011217508e-01
8.637128435221537170e-01
8.637128435221537170e-01
8.637128435221537170e-01
8.637128435221537170e-01
8.637128435221537170e-01
8.637128435221537170e-01
8.631519910263600881e-01
8.631519910263600881e-01
8.631519910263600881e-01
8.631519910263600881e-01
8.631519910263600881e-01
8.631519910263600881e-01
8.625911385305664592e-01
8.625911385305664592e-01
8.625911385305664592e-01
8.625911385305664592e-01
8.625911385305664592e-01
8.625911385305664592e-01
8.625911385305664592e-01
8.625911385305664592e-01
8.558609085810431338e-01
8.553000560852496159e-01
8.553000560852496159e-01
8.553000560852496159e-01
8.553000560852496159e-01
8.553000560852496159e-01
8.480089736399326616e-01
8.480089736399326616e-01
8.480089736399326616e-01
8.480089736399326616e-01
8.480089736399326616e-01
8.480089736399326616e-01
8.480089736399326616e-01
8.373527762198541557e-01
8.373527762198541557e-01
8.373527762198541557e-01
8.373527762198541557e-01
8.373527762198541557e-01
8.373527762198541557e-01
8.373527762198541557e-01
8.373527762198541557e-01
8.373527762198541557e-01
8.351093662366797510e-01
8.351093662366797510e-01
8.351093662366797510e-01
8.351093662366797510e-01
8.351093662366797510e-01
8.351093662366797510e-01
8.351093662366797510e-01
8.351093662366797510e-01
8.351093662366797510e-01
8.283791362871564257e-01
8.283791362871564257e-01
8.278182837913629077e-01
8.278182837913629077e-01
8.278182837913629077e-01
8.278182837913629077e-01
8.278182837913629077e-01
8.278182837913629077e-01
8.278182837913629077e-01
8.222097588334268403e-01
8.222097588334268403e-01
8.222097588334268403e-01
8.222097588334268403e-01
8.222097588334268403e-01
8.222097588334268403e-01
8.222097588334268403e-01
8.216489063376332114e-01
8.216489063376332114e-01
8.216489063376332114e-01
8.216489063376332114e-01
8.143578238923163681e-01
8.143578238923163681e-01
8.143578238923163681e-01
8.143578238923163681e-01
8.143578238923163681e-01
8.137969713965227392e-01
8.137969713965227392e-01
8.137969713965227392e-01
8.137969713965227392e-01
8.137969713965227392e-01
8.137969713965227392e-01
8.093101514301738186e-01
8.093101514301738186e-01
8.093101514301738186e-01
8.087492989343803007e-01
8.087492989343803007e-01
8.087492989343803007e-01
8.087492989343803007e-01
8.087492989343803007e-01
8.087492989343803007e-01
8.087492989343803007e-01
8.087492989343803007e-01
8.087492989343803007e-01
8.008973639932697175e-01
8.008973639932697175e-01
8.008973639932697175e-01
8.008973639932697175e-01
8.008973639932697175e-01
8.003365114974761996e-01
8.003365114974761996e-01
8.003365114974761996e-01
8.003365114974761996e-01
8.003365114974761996e-01
8.003365114974761996e-01
8.003365114974761996e-01
8.003365114974761996e-01
7.863151991026360310e-01
7.863151991026360310e-01
7.863151991026360310e-01
7.863151991026360310e-01
7.863151991026360310e-01
7.863151991026360310e-01
7.863151991026360310e-01
7.863151991026360310e-01
7.863151991026360310e-01
7.863151991026360310e-01
7.846326416152551442e-01
7.846326416152551442e-01
7.846326416152551442e-01
7.846326416152551442e-01
7.829500841278743684e-01
7.829500841278743684e-01
7.829500841278743684e-01
7.829500841278743684e-01
7.829500841278743684e-01
7.829500841278743684e-01
7.829500841278743684e-01
7.829500841278743684e-01
7.829500841278743684e-01
7.829500841278743684e-01
7.829500841278743684e-01
7.829500841278743684e-01
7.829500841278743684e-01
7.829500841278743684e-01
7.829500841278743684e-01
7.829500841278743684e-01
7.750981491867638962e-01
7.750981491867638962e-01
7.750981491867638962e-01
7.750981491867638962e-01
7.750981491867638962e-01
7.750981491867638962e-01
7.750981491867638962e-01
7.750981491867638962e-01
7.750981491867638962e-01
7.750981491867638962e-01
7.750981491867638962e-01
7.750981491867638962e-01
7.750981491867638962e-01
7.750981491867638962e-01
7.750981491867638962e-01
7.750981491867638962e-01
7.750981491867638962e-01
7.750981491867638962e-01
7.750981491867638962e-01
7.487380818844643349e-01
7.487380818844643349e-01
7.487380818844643349e-01
7.487380818844643349e-01
7.487380818844643349e-01
7.481772293886708169e-01
7.481772293886708169e-01
7.481772293886708169e-01
7.481772293886708169e-01
7.481772293886708169e-01
7.476163768928771880e-01
7.476163768928771880e-01
7.476163768928771880e-01
7.476163768928771880e-01
7.476163768928771880e-01
7.470555243970835591e-01
7.470555243970835591e-01
7.470555243970835591e-01
7.470555243970835591e-01
7.470555243970835591e-01
7.414469994391474916e-01
7.414469994391474916e-01
7.414469994391474916e-01
7.414469994391474916e-01
7.414469994391474916e-01
7.414469994391474916e-01
7.414469994391474916e-01
7.414469994391474916e-01
7.414469994391474916e-01
7.414469994391474916e-01
7.414469994391474916e-01
7.403252944475603448e-01
7.403252944475603448e-01
7.403252944475603448e-01
7.403252944475603448e-01
7.403252944475603448e-01
7.403252944475603448e-01
7.392035894559730869e-01
7.392035894559730869e-01
7.392035894559730869e-01
7.392035894559730869e-01
7.392035894559730869e-01
7.392035894559730869e-01
7.375210319685923110e-01
7.375210319685923110e-01
7.375210319685923110e-01
7.375210319685923110e-01
7.375210319685923110e-01
7.375210319685923110e-01
7.352776219854177953e-01
7.352776219854177953e-01
7.352776219854177953e-01
7.352776219854177953e-01
7.352776219854177953e-01
7.352776219854177953e-01
7.352776219854177953e-01
7.335950644980370194e-01
7.330342120022433905e-01
7.330342120022433905e-01
7.330342120022433905e-01
7.330342120022433905e-01
7.330342120022433905e-01
7.324733595064497615e-01
7.324733595064497615e-01
7.324733595064497615e-01
7.324733595064497615e-01
7.324733595064497615e-01
7.324733595064497615e-01
7.324733595064497615e-01
7.324733595064497615e-01
7.324733595064497615e-01
7.274256870443073231e-01
7.274256870443073231e-01
7.274256870443073231e-01
7.274256870443073231e-01
7.274256870443073231e-01
7.268648345485136941e-01
7.268648345485136941e-01
7.268648345485136941e-01
7.268648345485136941e-01
7.268648345485136941e-01
7.268648345485136941e-01
7.268648345485136941e-01
7.268648345485136941e-01
7.251822770611329183e-01
7.251822770611329183e-01
7.251822770611329183e-01
7.251822770611329183e-01
7.251822770611329183e-01
7.251822770611329183e-01
7.251822770611329183e-01
7.251822770611329183e-01
7.251822770611329183e-01
7.201346045989904798e-01
7.201346045989904798e-01
7.195737521031968509e-01
7.195737521031968509e-01
7.195737521031968509e-01
7.195737521031968509e-01
7.195737521031968509e-01
7.195737521031968509e-01
7.167694896242288172e-01
7.167694896242288172e-01
7.167694896242288172e-01
7.167694896242288172e-01
7.167694896242288172e-01
7.167694896242288172e-01
7.167694896242288172e-01
7.167694896242288172e-01
7.167694896242288172e-01
7.167694896242288172e-01
7.167694896242288172e-01
7.167694896242288172e-01
7.167694896242288172e-01
7.167694896242288172e-01
7.167694896242288172e-01
7.167694896242288172e-01
7.167694896242288172e-01
7.167694896242288172e-01
7.156477846326416703e-01
7.156477846326416703e-01
7.156477846326416703e-01
7.156477846326416703e-01
7.156477846326416703e-01
7.156477846326416703e-01
7.150869321368480414e-01
7.150869321368480414e-01
7.150869321368480414e-01
7.150869321368480414e-01
7.066741446999439402e-01
7.066741446999439402e-01
7.066741446999439402e-01
7.066741446999439402e-01
7.066741446999439402e-01
7.066741446999439402e-01
7.066741446999439402e-01
7.066741446999439402e-01
7.066741446999439402e-01
7.066741446999439402e-01
7.066741446999439402e-01
7.016264722378015017e-01
7.016264722378015017e-01
7.010656197420078728e-01
7.010656197420078728e-01
7.010656197420078728e-01
7.010656197420078728e-01
7.010656197420078728e-01
7.010656197420078728e-01
7.010656197420078728e-01
7.005047672462142438e-01
6.982613572630398391e-01
6.982613572630398391e-01
6.982613572630398391e-01
6.982613572630398391e-01
6.982613572630398391e-01
6.982613572630398391e-01
6.982613572630398391e-01
6.982613572630398391e-01
6.982613572630398391e-01
6.982613572630398391e-01
6.948962422882781764e-01
6.948962422882781764e-01
6.948962422882781764e-01
6.948962422882781764e-01
6.948962422882781764e-01
6.948962422882781764e-01
6.948962422882781764e-01
6.948962422882781764e-01
6.948962422882781764e-01
6.948962422882781764e-01
6.948962422882781764e-01
6.948962422882781764e-01
6.948962422882781764e-01
6.920919798093101427e-01
6.920919798093101427e-01
6.920919798093101427e-01
6.920919798093101427e-01
6.920919798093101427e-01
6.920919798093101427e-01
6.920919798093101427e-01
6.920919798093101427e-01
6.920919798093101427e-01
6.920919798093101427e-01
6.920919798093101427e-01
6.920919798093101427e-01
6.892877173303421090e-01
6.892877173303421090e-01
6.892877173303421090e-01
6.892877173303421090e-01
6.892877173303421090e-01
6.881660123387549621e-01
6.881660123387549621e-01
6.881660123387549621e-01
6.881660123387549621e-01
6.881660123387549621e-01
6.881660123387549621e-01
6.881660123387549621e-01
6.881660123387549621e-01
6.831183398766124126e-01
6.831183398766124126e-01
6.831183398766124126e-01
6.831183398766124126e-01
6.831183398766124126e-01
6.831183398766124126e-01
6.831183398766124126e-01
6.831183398766124126e-01
6.831183398766124126e-01
6.825574873808188947e-01
6.825574873808188947e-01
6.825574873808188947e-01
6.825574873808188947e-01
6.825574873808188947e-01
6.786315199102636031e-01
6.786315199102636031e-01
6.786315199102636031e-01
6.786315199102636031e-01
6.786315199102636031e-01
6.786315199102636031e-01
6.786315199102636031e-01
6.786315199102636031e-01
6.786315199102636031e-01
6.780706674144699742e-01
6.780706674144699742e-01
6.780706674144699742e-01
6.780706674144699742e-01
6.780706674144699742e-01
6.679753224901850972e-01
6.679753224901850972e-01
6.679753224901850972e-01
6.679753224901850972e-01
6.679753224901850972e-01
6.679753224901850972e-01
6.679753224901850972e-01
6.679753224901850972e-01
6.679753224901850972e-01
6.679753224901850972e-01
6.679753224901850972e-01
6.679753224901850972e-01
6.679753224901850972e-01
6.679753224901850972e-01
6.679753224901850972e-01
6.612450925406617719e-01
6.612450925406617719e-01
6.612450925406617719e-01
6.612450925406617719e-01
6.612450925406617719e-01
6.612450925406617719e-01
6.612450925406617719e-01
6.612450925406617719e-01
6.612450925406617719e-01
6.612450925406617719e-01
6.612450925406617719e-01
6.612450925406617719e-01
6.612450925406617719e-01
6.612450925406617719e-01
6.612450925406617719e-01
6.612450925406617719e-01
6.550757150869321865e-01
6.550757150869321865e-01
6.550757150869321865e-01
6.550757150869321865e-01
6.550757150869321865e-01
6.550757150869321865e-01
6.545148625911385576e-01
6.545148625911385576e-01
6.545148625911385576e-01
6.545148625911385576e-01
6.545148625911385576e-01
6.533931575995512997e-01
6.533931575995512997e-01
6.533931575995512997e-01
6.533931575995512997e-01
6.533931575995512997e-01
6.461020751542344565e-01
6.461020751542344565e-01
6.461020751542344565e-01
6.461020751542344565e-01
6.461020751542344565e-01
6.461020751542344565e-01
6.461020751542344565e-01
6.461020751542344565e-01
6.461020751542344565e-01
6.461020751542344565e-01
6.461020751542344565e-01
6.461020751542344565e-01
6.461020751542344565e-01
6.461020751542344565e-01
6.461020751542344565e-01
6.461020751542344565e-01
6.461020751542344565e-01
6.461020751542344565e-01
6.343241727425686927e-01
6.332024677509815458e-01
6.332024677509815458e-01
6.332024677509815458e-01
6.332024677509815458e-01
6.332024677509815458e-01
6.332024677509815458e-01
6.332024677509815458e-01
6.332024677509815458e-01
6.332024677509815458e-01
6.332024677509815458e-01
6.332024677509815458e-01
6.332024677509815458e-01
6.332024677509815458e-01
6.332024677509815458e-01
6.332024677509815458e-01
6.332024677509815458e-01
6.332024677509815458e-01
6.236679753224901868e-01
6.236679753224901868e-01
6.236679753224901868e-01
6.236679753224901868e-01
6.236679753224901868e-01
6.236679753224901868e-01
6.236679753224901868e-01
6.236679753224901868e-01
6.186203028603477483e-01
6.186203028603477483e-01
6.186203028603477483e-01
6.186203028603477483e-01
6.186203028603477483e-01
6.186203028603477483e-01
6.186203028603477483e-01
6.186203028603477483e-01
6.186203028603477483e-01
6.186203028603477483e-01
6.186203028603477483e-01
6.163768928771733435e-01
6.096466629276500182e-01
6.096466629276500182e-01
6.096466629276500182e-01
5.782389231632081295e-01
5.737521031968592089e-01
5.625350532809870741e-01
5.569265283230510066e-01
5.513180033651149392e-01
5.372966909702747706e-01
5.339315759955132190e-01
5.339315759955132190e-01
5.305664610207515564e-01
5.272013460459898937e-01
5.238362310712282310e-01
5.120583286595625783e-01
5.120583286595625783e-01
5.092540661805945446e-01
5.053280987100392529e-01
4.991587212563096121e-01
4.901850813236118820e-01
4.885025238362310507e-01
4.834548513740886122e-01
4.834548513740886122e-01
4.834548513740886122e-01
4.666292765002804099e-01
4.666292765002804099e-01
4.649467190128996341e-01
4.649467190128996341e-01
4.643858665171060052e-01
4.627033090297251738e-01
4.559730790802019040e-01
4.509254066180594656e-01
4.498037016264722632e-01
4.492428491306786342e-01
4.475602916432978029e-01
4.380257992148064994e-01
4.357823892316320946e-01
4.357823892316320946e-01
4.324172742568704320e-01
4.307347167694896006e-01
4.189568143578238923e-01
4.155916993830622297e-01
4.139091418956814539e-01
4.139091418956814539e-01
4.116657319125069936e-01
4.116657319125069936e-01
4.105440269209197912e-01
4.099831744251262178e-01
4.099831744251262178e-01
4.083006169377453864e-01
4.071789119461581841e-01
4.060572069545709262e-01
3.982052720134604540e-01
3.970835670218732516e-01
3.931575995513180155e-01
3.925967470555243866e-01
3.920358945597308131e-01
3.892316320807627794e-01
3.892316320807627794e-01
3.886707795849691505e-01
3.886707795849691505e-01
3.858665171060011168e-01
3.791362871564778469e-01
3.774537296690970156e-01
3.774537296690970156e-01
3.735277621985417795e-01
3.729669097027481506e-01
3.712843522153673748e-01
3.712843522153673748e-01
3.662366797532248808e-01
3.639932697700504760e-01
3.617498597868760712e-01
3.617498597868760712e-01
3.617498597868760712e-01
3.617498597868760712e-01
3.617498597868760712e-01
3.600673022994952399e-01
3.595064498037016110e-01
3.561413348289400038e-01
3.522153673583847677e-01
3.522153673583847677e-01
3.471676948962422737e-01
3.466068424004487003e-01
3.449242849130678690e-01
3.449242849130678690e-01
3.404374649467190039e-01
3.404374649467190039e-01
3.393157599551318016e-01
3.168816601233875319e-01
3.163208076275939584e-01
3.163208076275939584e-01
3.135165451486259247e-01
3.135165451486259247e-01
3.135165451486259247e-01
3.107122826696578910e-01
3.107122826696578910e-01
3.090297251822770597e-01
3.051037577117218236e-01
3.051037577117218236e-01
3.051037577117218236e-01
2.978126752664049248e-01
2.927650028042624863e-01
2.927650028042624863e-01
2.927650028042624863e-01
2.905215928210880816e-01
2.781828379136286888e-01
2.781828379136286888e-01
2.765002804262479130e-01
2.765002804262479130e-01
2.765002804262479130e-01
2.748177229388670817e-01
2.748177229388670817e-01
2.736960179472798793e-01
2.675266404935501829e-01
2.669657879977566095e-01
2.669657879977566095e-01
2.664049355019629806e-01
2.658440830061693516e-01
2.658440830061693516e-01
2.652832305103757782e-01
2.579921480650588794e-01
2.557487380818844747e-01
2.456533931575995422e-01
2.456533931575995422e-01
2.344363432417274351e-01
2.344363432417274351e-01
2.024677509814918619e-01
2.024677509814918619e-01
2.024677509814918619e-01
2.013460459899046595e-01
1.985417835109366258e-01
1.895681435782389235e-01
1.789119461581604176e-01
1.738642736960179513e-01
1.738642736960179513e-01
1.727425687044307212e-01
1.727425687044307212e-01
1.592821088053841816e-01
1.592821088053841816e-01
1.592821088053841816e-01
1.575995513180033780e-01
1.575995513180033780e-01
1.564778463264161479e-01
1.553561413348289455e-01
1.475042063937184456e-01
1.463825014021312432e-01
1.458216489063376420e-01
1.458216489063376420e-01
1.458216489063376420e-01
1.452607964105440408e-01
1.379697139652271420e-01
1.334828939988783048e-01
1.312394840157038722e-01
1.256309590577678048e-01
1.256309590577678048e-01
1.048794167134043803e-01
9.871003925967471171e-02
9.254066180594504309e-02
8.188446438586652332e-02
8.188446438586652332e-02
8.132361189007290825e-02
7.683679192372405709e-02
6.001121704991586869e-02
4.767246214245653146e-02
2.579921480650588725e-02
0.000000000000000000e+00
