9.994391475042063711e-01
9.960740325294447084e-01
9.949523275378575615e-01
9.949523275378575615e-01
9.949523275378575615e-01
9.949523275378575615e-01
9.943914750420639326e-01
9.938306225462703036e-01
9.932697700504766747e-01
9.915872125630958989e-01
9.915872125630958989e-01
9.910263600673022699e-01
9.910263600673022699e-01
9.910263600673022699e-01
9.904655075715086410e-01
9.899046550757151230e-01
9.899046550757151230e-01
9.899046550757151230e-01
9.899046550757151230e-01
9.899046550757151230e-01
9.899046550757151230e-01
9.899046550757151230e-01
9.899046550757151230e-01
9.893438025799214941e-01
9.882220975883342362e-01
9.876612450925406073e-01
9.871003925967470893e-01
9.871003925967470893e-01
9.865395401009534604e-01
9.865395401009534604e-01
9.865395401009534604e-01
9.859786876051598314e-01
9.859786876051598314e-01
9.859786876051598314e-01
9.859786876051598314e-01
9.859786876051598314e-01
9.859786876051598314e-01
9.859786876051598314e-01
9.859786876051598314e-01
9.859786876051598314e-01
9.859786876051598314e-01
9.859786876051598314e-01
9.854178351093662025e-01
9.854178351093662025e-01
9.854178351093662025e-01
9.854178351093662025e-01
9.854178351093662025e-01
9.854178351093662025e-01
9.854178351093662025e-01
9.854178351093662025e-01
9.848569826135726846e-01
9.848569826135726846e-01
9.848569826135726846e-01
9.842961301177790556e-01
9.831744251261917977e-01
9.831744251261917977e-01
9.803701626472237640e-01
9.803701626472237640e-01
9.803701626472237640e-01
9.798093101514301351e-01
9.786876051598429882e-01
9.786876051598429882e-01
9.786876051598429882e-01
9.786876051598429882e-01
9.775659001682557303e-01
9.775659001682557303e-01
9.775659001682557303e-01
9.764441951766685834e-01
9.764441951766685834e-01
9.764441951766685834e-01
9.753224901850813255e-01
9.753224901850813255e-01
9.753224901850813255e-01
9.747616376892876966e-01
9.747616376892876966e-01
9.742007851934940676e-01
9.736399326977005497e-01
9.736399326977005497e-01
9.736399326977005497e-01
9.736399326977005497e-01
9.725182277061132918e-01
9.702748177229388871e-01
9.691531127313516292e-01
9.674705552439708534e-01
9.669097027481772244e-01
9.669097027481772244e-01
9.663488502523835955e-01
9.652271452607964486e-01
9.652271452607964486e-01
9.652271452607964486e-01
9.641054402692091907e-01
9.641054402692091907e-01
9.641054402692091907e-01
9.641054402692091907e-01
9.635445877734155617e-01
9.635445877734155617e-01
9.635445877734155617e-01
9.635445877734155617e-01
9.629837352776219328e-01
9.629837352776219328e-01
9.629837352776219328e-01
9.624228827818284149e-01
9.624228827818284149e-01
9.624228827818284149e-01
9.624228827818284149e-01
9.624228827818284149e-01
9.624228827818284149e-01
9.624228827818284149e-01
9.624228827818284149e-01
9.618620302860347859e-01
9.613011777902411570e-01
9.613011777902411570e-01
9.590577678070667522e-01
9.590577678070667522e-01
9.590577678070667522e-01
9.590577678070667522e-01
9.584969153112731233e-01
9.584969153112731233e-01
9.584969153112731233e-01
9.584969153112731233e-01
9.584969153112731233e-01
9.584969153112731233e-01
9.584969153112731233e-01
9.584969153112731233e-01
9.584969153112731233e-01
9.584969153112731233e-01
9.584969153112731233e-01
9.584969153112731233e-01
9.584969153112731233e-01
9.584969153112731233e-01
9.584969153112731233e-01
9.584969153112731233e-01
9.584969153112731233e-01
9.584969153112731233e-01
9.584969153112731233e-01
9.584969153112731233e-01
9.584969153112731233e-01
9.584969153112731233e-01
9.584969153112731233e-01
9.584969153112731233e-01
9.584969153112731233e-01
9.584969153112731233e-01
9.584969153112731233e-01
9.584969153112731233e-01
9.584969153112731233e-01
9.584969153112731233e-01
9.584969153112731233e-01
9.584969153112731233e-01
9.584969153112731233e-01
9.584969153112731233e-01
9.584969153112731233e-01
9.584969153112731233e-01
9.584969153112731233e-01
9.584969153112731233e-01
9.584969153112731233e-01
9.584969153112731233e-01
9.584969153112731233e-01
9.584969153112731233e-01
9.584969153112731233e-01
8.872686483454851336e-01
8.872686483454851336e-01
8.872686483454851336e-01
8.872686483454851336e-01
8.872686483454851336e-01
8.872686483454851336e-01
8.872686483454851336e-01
8.872686483454851336e-01
8.872686483454851336e-01
8.872686483454851336e-01
8.872686483454851336e-01
8.872686483454851336e-01
8.872686483454851336e-01
8.872686483454851336e-01
8.872686483454851336e-01
8.872686483454851336e-01
8.872686483454851336e-01
8.872686483454851336e-01
8.872686483454851336e-01
8.872686483454851336e-01
8.872686483454851336e-01
8.872686483454851336e-01
8.872686483454851336e-01
8.872686483454851336e-01
8.872686483454851336e-01
8.872686483454851336e-01
8.872686483454851336e-01
8.872686483454851336e-01
8.872686483454851336e-01
8.872686483454851336e-01
8.872686483454851336e-01
8.872686483454851336e-01
8.872686483454851336e-01
8.872686483454851336e-01
8.872686483454851336e-01
8.872686483454851336e-01
8.872686483454851336e-01
8.872686483454851336e-01
8.872686483454851336e-01
8.872686483454851336e-01
8.872686483454851336e-01
8.872686483454851336e-01
8.872686483454851336e-01
8.872686483454851336e-01
8.872686483454851336e-01
8.872686483454851336e-01
8.872686483454851336e-01
8.872686483454851336e-01
8.872686483454851336e-01
8.872686483454851336e-01
8.872686483454851336e-01
8.872686483454851336e-01
8.872686483454851336e-01
8.872686483454851336e-01
8.872686483454851336e-01
8.872686483454851336e-01
8.872686483454851336e-01
8.867077958496915047e-01
8.867077958496915047e-01
8.867077958496915047e-01
8.867077958496915047e-01
8.867077958496915047e-01
8.867077958496915047e-01
8.867077958496915047e-01
8.867077958496915047e-01
8.867077958496915047e-01
8.867077958496915047e-01
8.867077958496915047e-01
8.867077958496915047e-01
8.867077958496915047e-01
8.867077958496915047e-01
8.867077958496915047e-01
8.867077958496915047e-01
8.867077958496915047e-01
8.867077958496915047e-01
8.867077958496915047e-01
8.867077958496915047e-01
8.867077958496915047e-01
8.867077958496915047e-01
8.867077958496915047e-01
8.861469433538978757e-01
8.861469433538978757e-01
8.861469433538978757e-01
8.861469433538978757e-01
8.861469433538978757e-01
8.861469433538978757e-01
8.861469433538978757e-01
8.861469433538978757e-01
8.861469433538978757e-01
8.861469433538978757e-01
8.861469433538978757e-01
8.861469433538978757e-01
8.861469433538978757e-01
8.855860908581043578e-01
8.855860908581043578e-01
8.855860908581043578e-01
8.855860908581043578e-01
8.855860908581043578e-01
8.855860908581043578e-01
8.855860908581043578e-01
8.855860908581043578e-01
8.855860908581043578e-01
8.855860908581043578e-01
8.855860908581043578e-01
8.855860908581043578e-01
8.855860908581043578e-01
8.855860908581043578e-01
8.850252383623107288e-01
8.839035333707234710e-01
8.839035333707234710e-01
8.839035333707234710e-01
8.839035333707234710e-01
8.839035333707234710e-01
8.833426808749298420e-01
8.833426808749298420e-01
8.833426808749298420e-01
8.833426808749298420e-01
8.833426808749298420e-01
8.833426808749298420e-01
8.822209758833426951e-01
8.822209758833426951e-01
8.822209758833426951e-01
8.822209758833426951e-01
8.822209758833426951e-01
8.816601233875490662e-01
8.816601233875490662e-01
8.816601233875490662e-01
8.816601233875490662e-01
8.816601233875490662e-01
8.816601233875490662e-01
8.816601233875490662e-01
8.816601233875490662e-01
8.816601233875490662e-01
8.816601233875490662e-01
8.805384183959618083e-01
8.805384183959618083e-01
8.805384183959618083e-01
8.805384183959618083e-01
8.805384183959618083e-01
8.805384183959618083e-01
8.799775659001682904e-01
8.799775659001682904e-01
8.782950084127874035e-01
8.782950084127874035e-01
8.782950084127874035e-01
8.782950084127874035e-01
8.782950084127874035e-01
8.782950084127874035e-01
8.782950084127874035e-01
8.782950084127874035e-01
8.782950084127874035e-01
8.782950084127874035e-01
8.782950084127874035e-01
8.771733034212002567e-01
8.771733034212002567e-01
8.771733034212002567e-01
8.766124509254066277e-01
8.766124509254066277e-01
8.766124509254066277e-01
8.766124509254066277e-01
8.766124509254066277e-01
8.766124509254066277e-01
8.760515984296129988e-01
8.760515984296129988e-01
8.760515984296129988e-01
8.760515984296129988e-01
8.754907459338193698e-01
8.754907459338193698e-01
8.754907459338193698e-01
8.754907459338193698e-01
8.754907459338193698e-01
8.754907459338193698e-01
8.754907459338193698e-01
8.749298934380258519e-01
8.749298934380258519e-01
8.749298934380258519e-01
8.749298934380258519e-01
8.704430734716769313e-01
8.704430734716769313e-01
8.704430734716769313e-01
8.704430734716769313e-01
8.704430734716769313e-01
8.693213684800897845e-01
8.693213684800897845e-01
8.693213684800897845e-01
8.693213684800897845e-01
8.687605159842961555e-01
8.687605159842961555e-01
8.687605159842961555e-01
8.687605159842961555e-01
8.676388109927088976e-01
8.676388109927088976e-01
8.676388109927088976e-01
8.676388109927088976e-01
8.676388109927088976e-01
8.676388109927088976e-01
8.665171060011217508e-01
8.665171060011217508e-01
8.665171060011217508e-01
8.665171060011217508e-01
8.665171060011217508e-01
8.637128435221537170e-01
8.637128435221537170e-01
8.637128435221537170e-01
8.637128435221537170e-01
8.637128435221537170e-01
8.637128435221537170e-01
8.631519910263600881e-01
8.631519910263600881e-01
8.631519910263600881e-01
8.631519910263600881e-01
8.631519910263600881e-01
8.631519910263600881e-01
8.631519910263600881e-01
8.625911385305664592e-01
8.625911385305664592e-01
8.625911385305664592e-01
8.625911385305664592e-01
8.625911385305664592e-01
8.558609085810431338e-01
8.558609085810431338e-01
8.553000560852496159e-01
8.553000560852496159e-01
8.553000560852496159e-01
8.553000560852496159e-01
8.553000560852496159e-01
8.553000560852496159e-01
8.480089736399326616e-01
8.480089736399326616e-01
8.480089736399326616e-01
8.480089736399326616e-01
8.480089736399326616e-01
8.480089736399326616e-01
8.480089736399326616e-01
8.373527762198541557e-01
8.373527762198541557e-01
8.373527762198541557e-01
8.373527762198541557e-01
8.373527762198541557e-01
8.373527762198541557e-01
8.373527762198541557e-01
8.373527762198541557e-01
8.351093662366797510e-01
8.351093662366797510e-01
8.351093662366797510e-01
8.351093662366797510e-01
8.351093662366797510e-01
8.351093662366797510e-01
8.351093662366797510e-01
8.351093662366797510e-01
8.351093662366797510e-01
8.283791362871564257e-01
8.283791362871564257e-01
8.283791362871564257e-01
8.278182837913629077e-01
8.278182837913629077e-01
8.278182837913629077e-01
8.278182837913629077e-01
8.278182837913629077e-01
8.278182837913629077e-01
8.222097588334268403e-01
8.222097588334268403e-01
8.222097588334268403e-01
8.222097588334268403e-01
8.222097588334268403e-01
8.222097588334268403e-01
8.222097588334268403e-01
8.222097588334268403e-01
8.216489063376332114e-01
8.216489063376332114e-01
8.143578238923163681e-01
8.143578238923163681e-01
8.143578238923163681e-01
8.143578238923163681e-01
8.143578238923163681e-01
8.137969713965227392e-01
8.137969713965227392e-01
8.137969713965227392e-01
8.137969713965227392e-01
8.137969713965227392e-01
8.093101514301738186e-01
8.093101514301738186e-01
8.093101514301738186e-01
8.087492989343803007e-01
8.087492989343803007e-01
8.087492989343803007e-01
8.087492989343803007e-01
8.087492989343803007e-01
8.087492989343803007e-01
8.087492989343803007e-01
8.087492989343803007e-01
8.087492989343803007e-01
8.008973639932697175e-01
8.008973639932697175e-01
8.008973639932697175e-01
8.008973639932697175e-01
8.008973639932697175e-01
8.008973639932697175e-01
8.003365114974761996e-01
8.003365114974761996e-01
8.003365114974761996e-01
8.003365114974761996e-01
8.003365114974761996e-01
8.003365114974761996e-01
8.003365114974761996e-01
8.003365114974761996e-01
7.863151991026360310e-01
7.863151991026360310e-01
7.863151991026360310e-01
7.863151991026360310e-01
7.863151991026360310e-01
7.863151991026360310e-01
7.863151991026360310e-01
7.863151991026360310e-01
7.863151991026360310e-01
7.851934941110487731e-01
7.851934941110487731e-01
7.846326416152551442e-01
7.846326416152551442e-01
7.846326416152551442e-01
7.829500841278743684e-01
7.829500841278743684e-01
7.829500841278743684e-01
7.829500841278743684e-01
7.829500841278743684e-01
7.829500841278743684e-01
7.829500841278743684e-01
7.829500841278743684e-01
7.829500841278743684e-01
7.829500841278743684e-01
7.829500841278743684e-01
7.829500841278743684e-01
7.829500841278743684e-01
7.829500841278743684e-01
7.829500841278743684e-01
7.829500841278743684e-01
7.750981491867638962e-01
7.750981491867638962e-01
7.750981491867638962e-01
7.750981491867638962e-01
7.750981491867638962e-01
7.750981491867638962e-01
7.750981491867638962e-01
7.750981491867638962e-01
7.750981491867638962e-01
7.750981491867638962e-01
7.750981491867638962e-01
7.750981491867638962e-01
7.750981491867638962e-01
7.750981491867638962e-01
7.750981491867638962e-01
7.750981491867638962e-01
7.750981491867638962e-01
7.750981491867638962e-01
7.487380818844643349e-01
7.487380818844643349e-01
7.487380818844643349e-01
7.487380818844643349e-01
7.481772293886708169e-01
7.481772293886708169e-01
7.481772293886708169e-01
7.481772293886708169e-01
7.481772293886708169e-01
7.481772293886708169e-01
7.476163768928771880e-01
7.476163768928771880e-01
7.476163768928771880e-01
7.476163768928771880e-01
7.476163768928771880e-01
7.470555243970835591e-01
7.470555243970835591e-01
7.470555243970835591e-01
7.470555243970835591e-01
7.470555243970835591e-01
7.414469994391474916e-01
7.414469994391474916e-01
7.414469994391474916e-01
7.414469994391474916e-01
7.414469994391474916e-01
7.414469994391474916e-01
7.414469994391474916e-01
7.414469994391474916e-01
7.414469994391474916e-01
7.414469994391474916e-01
7.414469994391474916e-01
7.414469994391474916e-01
7.403252944475603448e-01
7.403252944475603448e-01
7.403252944475603448e-01
7.403252944475603448e-01
7.392035894559730869e-01
7.392035894559730869e-01
7.392035894559730869e-01
7.392035894559730869e-01
7.392035894559730869e-01
7.392035894559730869e-01
7.392035894559730869e-01
7.375210319685923110e-01
7.375210319685923110e-01
7.375210319685923110e-01
7.375210319685923110e-01
7.375210319685923110e-01
7.375210319685923110e-01
7.352776219854177953e-01
7.352776219854177953e-01
7.352776219854177953e-01
7.352776219854177953e-01
7.352776219854177953e-01
7.352776219854177953e-01
7.335950644980370194e-01
7.335950644980370194e-01
7.330342120022433905e-01
7.330342120022433905e-01
7.330342120022433905e-01
7.330342120022433905e-01
7.330342120022433905e-01
7.324733595064497615e-01
7.324733595064497615e-01
7.324733595064497615e-01
7.324733595064497615e-01
7.324733595064497615e-01
7.324733595064497615e-01
7.324733595064497615e-01
7.274256870443073231e-01
7.274256870443073231e-01
7.274256870443073231e-01
7.274256870443073231e-01
7.274256870443073231e-01
7.274256870443073231e-01
7.274256870443073231e-01
7.268648345485136941e-01
7.268648345485136941e-01
7.268648345485136941e-01
7.268648345485136941e-01
7.268648345485136941e-01
7.268648345485136941e-01
7.268648345485136941e-01
7.268648345485136941e-01
7.268648345485136941e-01
7.251822770611329183e-01
7.251822770611329183e-01
7.251822770611329183e-01
7.251822770611329183e-01
7.251822770611329183e-01
7.251822770611329183e-01
7.251822770611329183e-01
7.201346045989904798e-01
7.195737521031968509e-01
7.195737521031968509e-01
7.195737521031968509e-01
7.195737521031968509e-01
7.195737521031968509e-01
7.195737521031968509e-01
7.195737521031968509e-01
7.167694896242288172e-01
7.167694896242288172e-01
7.167694896242288172e-01
7.167694896242288172e-01
7.167694896242288172e-01
7.167694896242288172e-01
7.167694896242288172e-01
7.167694896242288172e-01
7.167694896242288172e-01
7.167694896242288172e-01
7.167694896242288172e-01
7.167694896242288172e-01
7.167694896242288172e-01
7.167694896242288172e-01
7.167694896242288172e-01
7.167694896242288172e-01
7.167694896242288172e-01
7.167694896242288172e-01
7.156477846326416703e-01
7.156477846326416703e-01
7.156477846326416703e-01
7.156477846326416703e-01
7.156477846326416703e-01
7.156477846326416703e-01
7.150869321368480414e-01
7.150869321368480414e-01
7.150869321368480414e-01
7.150869321368480414e-01
7.066741446999439402e-01
7.066741446999439402e-01
7.066741446999439402e-01
7.066741446999439402e-01
7.066741446999439402e-01
7.066741446999439402e-01
7.066741446999439402e-01
7.066741446999439402e-01
7.066741446999439402e-01
7.016264722378015017e-01
7.016264722378015017e-01
7.016264722378015017e-01
7.010656197420078728e-01
7.010656197420078728e-01
7.010656197420078728e-01
7.010656197420078728e-01
7.010656197420078728e-01
7.010656197420078728e-01
7.005047672462142438e-01
6.982613572630398391e-01
6.982613572630398391e-01
6.982613572630398391e-01
6.982613572630398391e-01
6.982613572630398391e-01
6.982613572630398391e-01
6.982613572630398391e-01
6.982613572630398391e-01
6.982613572630398391e-01
6.982613572630398391e-01
6.982613572630398391e-01
6.982613572630398391e-01
6.948962422882781764e-01
6.948962422882781764e-01
6.948962422882781764e-01
6.948962422882781764e-01
6.948962422882781764e-01
6.948962422882781764e-01
6.948962422882781764e-01
6.948962422882781764e-01
6.948962422882781764e-01
6.948962422882781764e-01
6.948962422882781764e-01
6.948962422882781764e-01
6.920919798093101427e-01
6.920919798093101427e-01
6.920919798093101427e-01
6.920919798093101427e-01
6.920919798093101427e-01
6.920919798093101427e-01
6.920919798093101427e-01
6.920919798093101427e-01
6.920919798093101427e-01
6.920919798093101427e-01
6.920919798093101427e-01
6.920919798093101427e-01
6.920919798093101427e-01
6.892877173303421090e-01
6.892877173303421090e-01
6.892877173303421090e-01
6.892877173303421090e-01
6.881660123387549621e-01
6.881660123387549621e-01
6.881660123387549621e-01
6.881660123387549621e-01
6.881660123387549621e-01
6.881660123387549621e-01
6.881660123387549621e-01
6.881660123387549621e-01
6.831183398766124126e-01
6.831183398766124126e-01
6.831183398766124126e-01
6.831183398766124126e-01
6.831183398766124126e-01
6.831183398766124126e-01
6.831183398766124126e-01
6.831183398766124126e-01
6.831183398766124126e-01
6.831183398766124126e-01
6.825574873808188947e-01
6.825574873808188947e-01
6.825574873808188947e-01
6.786315199102636031e-01
6.786315199102636031e-01
6.786315199102636031e-01
6.786315199102636031e-01
6.786315199102636031e-01
6.786315199102636031e-01
6.786315199102636031e-01
6.786315199102636031e-01
6.786315199102636031e-01
6.786315199102636031e-01
6.786315199102636031e-01
6.780706674144699742e-01
6.780706674144699742e-01
6.780706674144699742e-01
6.679753224901850972e-01
6.679753224901850972e-01
6.679753224901850972e-01
6.679753224901850972e-01
6.679753224901850972e-01
6.679753224901850972e-01
6.679753224901850972e-01
6.679753224901850972e-01
6.679753224901850972e-01
6.679753224901850972e-01
6.679753224901850972e-01
6.679753224901850972e-01
6.679753224901850972e-01
6.679753224901850972e-01
6.679753224901850972e-01
6.612450925406617719e-01
6.612450925406617719e-01
6.612450925406617719e-01
6.612450925406617719e-01
6.612450925406617719e-01
6.612450925406617719e-01
6.612450925406617719e-01
6.612450925406617719e-01
6.612450925406617719e-01
6.612450925406617719e-01
6.612450925406617719e-01
6.612450925406617719e-01
6.612450925406617719e-01
6.612450925406617719e-01
6.612450925406617719e-01
6.612450925406617719e-01
6.550757150869321865e-01
6.550757150869321865e-01
6.550757150869321865e-01
6.550757150869321865e-01
6.545148625911385576e-01
6.545148625911385576e-01
6.545148625911385576e-01
6.545148625911385576e-01
6.545148625911385576e-01
6.545148625911385576e-01
6.545148625911385576e-01
6.545148625911385576e-01
6.533931575995512997e-01
6.533931575995512997e-01
6.533931575995512997e-01
6.461020751542344565e-01
6.461020751542344565e-01
6.461020751542344565e-01
6.461020751542344565e-01
6.461020751542344565e-01
6.461020751542344565e-01
6.461020751542344565e-01
6.461020751542344565e-01
6.461020751542344565e-01
6.461020751542344565e-01
6.461020751542344565e-01
6.461020751542344565e-01
6.461020751542344565e-01
6.461020751542344565e-01
6.461020751542344565e-01
6.461020751542344565e-01
6.461020751542344565e-01
6.461020751542344565e-01
6.343241727425686927e-01
6.332024677509815458e-01
6.332024677509815458e-01
6.332024677509815458e-01
6.332024677509815458e-01
6.332024677509815458e-01
6.332024677509815458e-01
6.332024677509815458e-01
6.332024677509815458e-01
6.332024677509815458e-01
6.332024677509815458e-01
6.332024677509815458e-01
6.332024677509815458e-01
6.332024677509815458e-01
6.332024677509815458e-01
6.332024677509815458e-01
6.332024677509815458e-01
6.236679753224901868e-01
6.236679753224901868e-01
6.236679753224901868e-01
6.236679753224901868e-01
6.236679753224901868e-01
6.236679753224901868e-01
6.236679753224901868e-01
6.236679753224901868e-01
6.236679753224901868e-01
6.236679753224901868e-01
6.186203028603477483e-01
6.186203028603477483e-01
6.186203028603477483e-01
6.186203028603477483e-01
6.186203028603477483e-01
6.186203028603477483e-01
6.186203028603477483e-01
6.163768928771733435e-01
6.163768928771733435e-01
6.096466629276500182e-01
6.096466629276500182e-01
6.096466629276500182e-01
6.096466629276500182e-01
6.096466629276500182e-01
6.096466629276500182e-01
6.090858104318563893e-01
6.034772854739203218e-01
5.698261357263040283e-01
5.625350532809870741e-01
5.485137408861469055e-01
5.434660684240044670e-01
5.367358384744812527e-01
5.333707234997195901e-01
5.272013460459898937e-01
5.199102636006730505e-01
5.176668536174986457e-01
5.098149186763880625e-01
5.036455412226584771e-01
4.991587212563096121e-01
4.935501962983735447e-01
4.890633763320246796e-01
4.890633763320246796e-01
4.885025238362310507e-01
4.834548513740886122e-01
4.733595064498036797e-01
4.733595064498036797e-01
4.660684240044868365e-01
4.649467190128996341e-01
4.627033090297251738e-01
4.565339315759955330e-01
4.565339315759955330e-01
4.514862591138530390e-01
4.498037016264722632e-01
4.425126191811553644e-01
4.357823892316320946e-01
4.357823892316320946e-01
4.329781267526640609e-01
4.307347167694896006e-01
4.307347167694896006e-01
4.189568143578238923e-01
4.189568143578238923e-01
4.172742568704430610e-01
4.139091418956814539e-01
4.139091418956814539e-01
4.139091418956814539e-01
4.122265844083006225e-01
4.105440269209197912e-01
4.105440269209197912e-01
4.099831744251262178e-01
4.099831744251262178e-01
4.060572069545709262e-01
4.010095344924284877e-01
3.982052720134604540e-01
3.970835670218732516e-01
3.965227145260796227e-01
3.925967470555243866e-01
3.892316320807627794e-01
3.892316320807627794e-01
3.892316320807627794e-01
3.864273696017947457e-01
3.858665171060011168e-01
3.858665171060011168e-01
3.791362871564778469e-01
3.780145821648906446e-01
3.768928771733034422e-01
3.729669097027481506e-01
3.712843522153673748e-01
3.712843522153673748e-01
3.712843522153673748e-01
3.662366797532248808e-01
3.662366797532248808e-01
3.639932697700504760e-01
3.617498597868760712e-01
3.617498597868760712e-01
3.617498597868760712e-01
3.617498597868760712e-01
3.617498597868760712e-01
3.567021873247335773e-01
3.567021873247335773e-01
3.522153673583847677e-01
3.488502523836231051e-01
3.471676948962422737e-01
3.466068424004487003e-01
3.432417274256870376e-01
3.398766124509254305e-01
3.236118900729108017e-01
3.236118900729108017e-01
3.224901850813235993e-01
3.224901850813235993e-01
3.174425126191811608e-01
3.168816601233875319e-01
3.163208076275939584e-01
3.135165451486259247e-01
3.135165451486259247e-01
3.107122826696578910e-01
3.090297251822770597e-01
3.051037577117218236e-01
3.051037577117218236e-01
3.051037577117218236e-01
2.927650028042624863e-01
2.927650028042624863e-01
2.927650028042624863e-01
2.905215928210880816e-01
2.837913628715647563e-01
2.781828379136286888e-01
2.781828379136286888e-01
2.765002804262479130e-01
2.765002804262479130e-01
2.765002804262479130e-01
2.748177229388670817e-01
2.748177229388670817e-01
2.675266404935501829e-01
2.675266404935501829e-01
2.669657879977566095e-01
2.664049355019629806e-01
2.664049355019629806e-01
2.658440830061693516e-01
2.658440830061693516e-01
2.591138530566460818e-01
2.574312955692653060e-01
2.473359506449803735e-01
2.456533931575995422e-01
2.450925406618059410e-01
2.344363432417274351e-01
2.024677509814918619e-01
2.024677509814918619e-01
1.991026360067302270e-01
1.895681435782389235e-01
1.895681435782389235e-01
1.895681435782389235e-01
1.895681435782389235e-01
1.738642736960179513e-01
1.727425687044307212e-01
1.727425687044307212e-01
1.727425687044307212e-01
1.592821088053841816e-01
1.587212563095905804e-01
1.587212563095905804e-01
1.564778463264161479e-01
1.564778463264161479e-01
1.564778463264161479e-01
1.525518788558609118e-01
1.463825014021312432e-01
1.463825014021312432e-01
1.463825014021312432e-01
1.452607964105440408e-01
1.418956814357823781e-01
1.374088614694335408e-01
1.329220415030846758e-01
1.329220415030846758e-01
1.256309590577678048e-01
1.121704991587212513e-01
1.048794167134043803e-01
1.048794167134043803e-01
1.031968592260235490e-01
9.197980931015142803e-02
8.244531688166012451e-02
8.188446438586652332e-02
6.786315199102635476e-02
5.945036455412226750e-02
4.879416713404374772e-02
3.309029725182276865e-02
0.000000000000000000e+00
