1.000000000000000000e+00
9.798994974874372099e-01
9.641206030150754058e-01
9.541708542713568386e-01
9.421105527638190535e-01
9.307537688442211188e-01
9.213065326633166352e-01
9.118592964824120406e-01
9.040201005025125802e-01
8.973869346733668317e-01
8.859296482412060136e-01
8.774874371859296973e-01
8.707537688442210655e-01
8.647236180904522840e-01
8.588944723618090471e-01
8.544723618090451778e-01
8.458291457286432058e-01
8.380904522613065177e-01
8.331658291457286758e-01
8.294472361809045458e-01
8.264321608040201550e-01
8.244221105527638205e-01
8.195979899497487509e-01
8.164824120603014768e-01
8.106532663316582399e-01
8.071356783919597655e-01
8.030150753768844352e-01
7.978894472361809376e-01
7.930653266331658680e-01
7.889447236180904266e-01
7.860301507537688082e-01
7.826130653266332171e-01
7.800000000000000266e-01
7.766834170854270969e-01
7.732663316582915058e-01
7.707537688442210877e-01
7.675376884422110413e-01
7.640201005025125669e-01
7.612060301507537208e-01
7.588944723618090693e-01
7.547738693467336279e-01
7.521608040201005485e-01
7.492462311557789301e-01
7.459296482412060003e-01
7.446231155778894051e-01
7.408040201005025027e-01
7.387939698492462792e-01
7.363819095477387444e-01
7.327638190954773867e-01
7.276381909547738891e-01
7.260301507537688659e-01
7.220100502512563079e-01
7.196984924623115454e-01
7.138693467336683085e-01
7.083417085427136106e-01
7.066331658291457041e-01
7.044221105527638249e-01
7.005025125628140392e-01
6.973869346733668761e-01
6.945728643216080300e-01
6.917587939698492949e-01
6.891457286432161045e-01
6.846231155778894628e-01
6.818090452261306167e-01
6.791959798994975372e-01
6.749748743718593236e-01
6.727638190954773334e-01
6.711557788944723102e-01
6.699497487437185983e-01
6.643216080402010171e-01
6.622110552763819102e-01
6.596984924623116031e-01
6.573869346733668406e-01
6.541708542713567942e-01
6.521608040201004597e-01
6.486432160804019853e-01
6.456281407035175945e-01
6.418090452261306922e-01
6.376884422110552508e-01
6.301507537688442184e-01
6.252261306532663765e-01
6.184924623115577447e-01
6.116582914572864516e-01
6.075376884422110102e-01
6.018090452261306567e-01
5.989949748743718105e-01
5.949748743718592525e-01
5.843216080402010570e-01
5.755778894472362017e-01
5.720603015075377273e-01
5.683417085427135973e-01
5.636180904522613000e-01
5.541708542713568164e-01
5.527638190954773378e-01
5.501507537688442584e-01
5.472361809045226400e-01
5.441206030150753659e-01
5.413065326633166308e-01
5.391959798994975239e-01
5.351758793969849659e-01
5.323618090452261198e-01
5.288442211055276454e-01
5.266331658291457662e-01
5.253266331658291710e-01
5.219095477386934689e-01
5.203015075376884457e-01
5.193969849246231618e-01
5.183919597989949946e-01
5.175879396984924830e-01
5.158793969849245764e-01
5.151758793969849481e-01
5.147738693467336368e-01
5.146733668341708645e-01
5.133668341708542693e-01
5.132663316582914970e-01
5.131658291457286136e-01
5.126633165829145300e-01
5.124623115577889854e-01
5.119597989949749017e-01
5.119597989949749017e-01
5.116582914572864738e-01
5.112562814070351624e-01
5.112562814070351624e-01
5.112562814070351624e-01
5.110552763819095068e-01
5.103517587939698785e-01
5.103517587939698785e-01
5.103517587939698785e-01
5.096482412060301392e-01
5.095477386934673669e-01
5.094472361809044836e-01
5.093467336683417113e-01
5.092462311557789389e-01
5.091457286432160556e-01
5.087437185929648553e-01
5.084422110552764273e-01
5.083417085427135440e-01
5.083417085427135440e-01
5.081407035175878883e-01
5.077386934673366881e-01
5.075376884422110324e-01
5.075376884422110324e-01
5.073366834170853767e-01
5.073366834170853767e-01
5.073366834170853767e-01
4.585929648241205969e-01
4.407035175879396860e-01
4.310552763819095468e-01
4.231155778894472586e-01
4.178894472361808776e-01
4.104522613065326730e-01
4.043216080402010082e-01
3.985929648241205991e-01
3.927638190954773623e-01
3.902512562814070551e-01
3.870351758793970087e-01
3.850251256281407297e-01
3.825125628140703671e-01
3.814070351758793720e-01
3.794974874371859208e-01
3.789949748743718372e-01
3.774874371859296418e-01
3.766834170854271302e-01
3.754773869346733628e-01
3.743718592964824232e-01
3.730653266331658280e-01
3.727638190954774000e-01
3.727638190954774000e-01
3.726633165829145722e-01
3.718592964824120606e-01
3.714572864321608048e-01
3.712562814070351491e-01
3.712562814070351491e-01
3.709547738693467211e-01
3.707537688442211210e-01
3.702512562814070374e-01
3.697487437185929537e-01
3.689447236180904421e-01
3.689447236180904421e-01
3.687437185929648420e-01
3.687437185929648420e-01
3.679396984924623304e-01
3.672361809045225911e-01
3.672361809045225911e-01
3.671356783919598188e-01
3.671356783919598188e-01
3.671356783919598188e-01
3.671356783919598188e-01
3.669346733668341631e-01
3.669346733668341631e-01
3.669346733668341631e-01
3.669346733668341631e-01
3.665326633165829073e-01
3.662311557788944794e-01
3.662311557788944794e-01
3.661306532663316515e-01
3.659296482412060514e-01
3.659296482412060514e-01
3.658291457286432236e-01
3.658291457286432236e-01
3.653266331658291399e-01
3.648241206030150563e-01
3.645226130653266283e-01
3.642211055276382003e-01
3.637185929648241167e-01
3.636180904522612889e-01
3.633165829145728609e-01
3.631155778894472608e-01
3.627135678391960050e-01
3.627135678391960050e-01
3.626130653266331771e-01
3.624120603015075215e-01
3.623115577889447492e-01
3.620100502512562657e-01
3.615075376884422376e-01
3.614070351758794097e-01
3.608040201005024983e-01
3.604020100502512425e-01
3.603015075376884147e-01
3.597989949748743865e-01
3.591959798994974751e-01
3.586934673366833914e-01
3.586934673366833914e-01
3.585929648241206191e-01
3.581909547738693633e-01
3.572864321608040239e-01
3.560804020100502565e-01
3.558793969849246008e-01
3.542713567839195776e-01
3.537688442211055495e-01
3.533668341708542937e-01
3.526633165829145544e-01
3.521608040201005263e-01
3.515577889447236148e-01
3.509547738693467589e-01
3.509547738693467589e-01
3.507537688442211032e-01
3.499497487437185916e-01
3.494472361809045080e-01
3.490452261306532522e-01
3.490452261306532522e-01
3.487437185929648242e-01
3.484422110552763963e-01
3.474371859296482290e-01
3.469346733668341454e-01
3.467336683417085452e-01
3.461306532663316338e-01
3.455276381909547778e-01
3.453266331658291222e-01
3.448241206030150940e-01
3.444221105527638382e-01
3.443216080402010104e-01
3.438190954773869268e-01
3.438190954773869268e-01
3.435175879396984988e-01
3.432160804020100708e-01
3.430150753768844152e-01
3.429145728643215874e-01
3.427135678391959872e-01
3.425125628140703316e-01
3.420100502512563034e-01
3.409045226130653083e-01
3.409045226130653083e-01
3.402010050251256246e-01
3.398994974874371966e-01
3.398994974874371966e-01
3.397989949748743688e-01
3.392964824120602851e-01
3.387939698492462570e-01
3.383919597989950012e-01
3.378894472361809176e-01
3.365829145728643224e-01
3.362814070351758944e-01
3.362814070351758944e-01
3.358793969849246386e-01
3.342713567839196154e-01
3.338693467336683596e-01
3.333668341708542759e-01
3.327638190954773645e-01
3.311557788944723413e-01
3.305527638190954853e-01
3.292462311557788901e-01
3.291457286432160623e-01
3.283417085427135507e-01
3.283417085427135507e-01
3.275376884422110391e-01
3.262311557788944993e-01
3.262311557788944993e-01
3.256281407035175879e-01
3.242211055276381648e-01
3.242211055276381648e-01
3.227135678391959694e-01
3.218090452261306300e-01
3.210050251256281184e-01
3.197989949748743510e-01
3.185929648241205836e-01
3.182914572864321556e-01
3.182914572864321556e-01
3.174874371859296440e-01
3.160804020100502765e-01
3.158793969849246208e-01
3.157788944723617930e-01
3.150753768844221092e-01
3.131658291457286580e-01
3.115577889447236348e-01
3.115577889447236348e-01
3.111557788944723790e-01
3.111557788944723790e-01
3.075376884422110768e-01
3.075376884422110768e-01
3.057286432160803979e-01
3.053266331658291421e-01
3.042211055276382026e-01
3.034170854271356910e-01
3.033165829145728631e-01
3.012060301507537563e-01
3.005025125628140725e-01
2.996984924623115609e-01
2.994974874371859053e-01
2.994974874371859053e-01
2.974874371859296263e-01
2.964824120603015145e-01
2.957788944723618307e-01
2.956783919597990029e-01
2.946733668341708356e-01
2.935678391959798961e-01
2.926633165829145566e-01
2.924623115577889565e-01
2.920603015075377007e-01
2.916582914572864449e-01
2.908542713567839333e-01
2.899497487437185939e-01
2.897487437185929382e-01
2.897487437185929382e-01
2.893467336683416824e-01
2.870351758793969754e-01
2.860301507537688637e-01
2.860301507537688637e-01
2.860301507537688637e-01
2.859296482412060358e-01
2.859296482412060358e-01
2.839195979899497568e-01
2.838190954773869290e-01
2.832160804020100731e-01
2.829145728643215896e-01
2.827135678391959894e-01
2.827135678391959894e-01
2.812060301507537941e-01
2.805025125628140548e-01
2.793969849246231152e-01
2.792964824120602874e-01
2.790954773869346872e-01
2.789949748743718594e-01
2.789949748743718594e-01
2.757788944723618130e-01
2.757788944723618130e-01
2.753768844221105572e-01
2.727638190954773667e-01
2.725628140703517666e-01
2.723618090452261109e-01
2.712562814070351713e-01
2.712562814070351713e-01
2.692462311557788923e-01
2.680402010050251249e-01
2.675376884422110413e-01
2.673366834170854411e-01
2.673366834170854411e-01
2.668341708542713575e-01
2.663316582914572739e-01
2.657286432160804179e-01
2.657286432160804179e-01
2.648241206030150785e-01
2.647236180904522507e-01
2.647236180904522507e-01
2.638190954773869112e-01
2.631155778894472275e-01
2.608040201005025205e-01
2.608040201005025205e-01
2.604020100502512647e-01
2.598994974874371811e-01
2.587939698492462415e-01
2.587939698492462415e-01
2.585929648241205858e-01
2.582914572864321578e-01
2.570854271356783904e-01
2.562814070351758788e-01
2.561809045226130510e-01
2.556783919597989674e-01
2.556783919597989674e-01
2.548743718592964558e-01
2.548743718592964558e-01
2.548743718592964558e-01
2.537688442211055162e-01
2.529648241206030046e-01
2.520603015075376652e-01
2.520603015075376652e-01
2.517587939698492372e-01
2.512562814070351536e-01
2.507537688442211254e-01
2.499497487437185861e-01
2.494472361809045302e-01
2.491457286432160745e-01
2.488442211055276465e-01
2.488442211055276465e-01
2.480402010050251349e-01
2.479396984924623071e-01
2.479396984924623071e-01
2.478391959798995070e-01
2.471356783919597955e-01
2.464321608040201117e-01
2.464321608040201117e-01
2.455276381909547723e-01
2.451256281407035165e-01
2.444221105527638327e-01
2.444221105527638327e-01
2.430150753768844096e-01
2.430150753768844096e-01
2.429145728643216096e-01
2.429145728643216096e-01
2.424120603015075259e-01
2.422110552763818980e-01
2.411055276381909585e-01
2.407035175879397026e-01
2.406030150753768748e-01
2.406030150753768748e-01
2.406030150753768748e-01
2.394974874371859352e-01
2.391959798994974795e-01
2.387939698492462237e-01
2.384924623115577957e-01
2.384924623115577957e-01
2.384924623115577957e-01
2.382914572864321678e-01
2.382914572864321678e-01
2.382914572864321678e-01
2.372864321608040283e-01
2.368844221105527725e-01
2.361809045226130610e-01
2.361809045226130610e-01
2.359798994974874331e-01
2.357788944723618052e-01
2.355778894472361773e-01
2.354773869346733772e-01
2.354773869346733772e-01
2.351758793969849215e-01
2.351758793969849215e-01
2.348743718592964935e-01
2.347738693467336657e-01
2.344723618090452377e-01
2.344723618090452377e-01
2.339698492462311541e-01
2.334673366834170982e-01
2.334673366834170982e-01
2.333668341708542704e-01
2.325628140703517588e-01
2.325628140703517588e-01
2.317587939698492472e-01
2.304522613065326520e-01
2.301507537688442240e-01
2.300502512562813962e-01
2.300502512562813962e-01
2.296482412060301403e-01
2.295477386934673403e-01
2.295477386934673403e-01
2.294472361809045124e-01
2.294472361809045124e-01
2.288442211055276287e-01
2.288442211055276287e-01
2.288442211055276287e-01
2.288442211055276287e-01
2.279396984924623171e-01
2.277386934673366892e-01
2.277386934673366892e-01
2.277386934673366892e-01
2.272361809045226055e-01
2.263316582914572939e-01
2.262311557788944660e-01
2.262311557788944660e-01
2.262311557788944660e-01
2.261306532663316660e-01
2.256281407035175823e-01
2.256281407035175823e-01
2.256281407035175823e-01
2.256281407035175823e-01
2.255276381909547823e-01
2.245226130653266428e-01
2.244221105527638149e-01
2.244221105527638149e-01
2.240201005025125591e-01
2.236180904522613033e-01
2.236180904522613033e-01
2.235175879396985033e-01
2.235175879396985033e-01
2.233165829145728754e-01
2.228140703517587917e-01
2.227135678391959916e-01
2.227135678391959916e-01
2.225125628140703637e-01
2.223115577889447358e-01
2.218090452261306522e-01
2.213065326633165963e-01
2.212060301507537685e-01
2.212060301507537685e-01
2.208040201005025127e-01
2.206030150753768848e-01
2.201005025125628012e-01
2.198994974874371733e-01
2.196984924623115454e-01
2.195979899497487453e-01
2.195979899497487453e-01
2.187939698492462337e-01
2.181909547738693500e-01
2.179899497487437221e-01
2.179899497487437221e-01
2.179899497487437221e-01
2.169849246231155826e-01
2.159798994974874431e-01
2.156783919597989874e-01
2.156783919597989874e-01
2.149748743718593036e-01
2.144723618090452200e-01
2.138693467336683363e-01
2.134673366834170805e-01
2.134673366834170805e-01
2.134673366834170805e-01
2.130653266331658247e-01
2.125628140703517688e-01
2.122613065326633131e-01
2.113567839195980014e-01
2.113567839195980014e-01
2.110552763819095456e-01
2.109547738693467456e-01
2.109547738693467456e-01
2.108542713567839177e-01
2.098492462311557782e-01
2.098492462311557782e-01
2.097487437185929782e-01
2.093467336683417224e-01
2.093467336683417224e-01
2.092462311557788945e-01
2.088442211055276387e-01
2.083417085427135551e-01
2.076381909547738713e-01
2.076381909547738713e-01
2.075376884422110435e-01
2.071356783919597877e-01
2.071356783919597877e-01
2.071356783919597877e-01
2.063316582914572761e-01
2.054271356783919644e-01
2.054271356783919644e-01
2.054271356783919644e-01
2.052261306532663365e-01
2.048241206030150807e-01
2.047236180904522529e-01
2.029145728643216018e-01
2.015075376884422065e-01
2.008040201005025227e-01
2.008040201005025227e-01
2.007035175879396949e-01
1.993969849246231274e-01
1.993969849246231274e-01
1.985929648241206158e-01
1.979899497487437321e-01
1.979899497487437321e-01
1.968844221105527648e-01
1.967839195979899369e-01
1.966834170854271369e-01
1.965829145728643090e-01
1.965829145728643090e-01
1.959798994974874253e-01
1.958793969849246253e-01
1.955778894472361695e-01
1.955778894472361695e-01
1.953768844221105416e-01
1.953768844221105416e-01
1.950753768844221137e-01
1.946733668341708579e-01
1.942713567839196021e-01
1.935678391959798905e-01
1.935678391959798905e-01
1.928643216080402067e-01
1.926633165829145788e-01
1.925628140703517510e-01
1.919597989949748673e-01
1.913567839195979836e-01
1.913567839195979836e-01
1.913567839195979836e-01
1.882412060301507650e-01
1.881407035175879372e-01
1.872361809045226255e-01
1.871356783919597977e-01
1.870351758793969976e-01
1.869346733668341698e-01
1.868341708542713697e-01
1.861306532663316582e-01
1.858291457286432025e-01
1.853266331658291466e-01
1.852261306532663188e-01
1.845226130653266350e-01
1.844221105527638072e-01
1.841206030150753792e-01
1.833165829145728676e-01
1.832160804020100398e-01
1.825125628140703560e-01
1.819095477386934723e-01
1.816080402010050165e-01
1.815075376884422165e-01
1.815075376884422165e-01
1.807035175879397049e-01
1.805025125628140770e-01
1.805025125628140770e-01
1.803015075376884491e-01
1.803015075376884491e-01
1.797989949748743654e-01
1.797989949748743654e-01
1.791959798994974817e-01
1.791959798994974817e-01
1.790954773869346817e-01
1.790954773869346817e-01
1.785929648241205980e-01
1.785929648241205980e-01
1.784924623115577980e-01
1.779899497487437143e-01
1.777889447236180864e-01
1.773869346733668306e-01
1.773869346733668306e-01
1.769849246231155748e-01
1.765829145728643190e-01
1.765829145728643190e-01
1.765829145728643190e-01
1.765829145728643190e-01
1.761809045226130632e-01
1.760804020100502632e-01
1.760804020100502632e-01
1.760804020100502632e-01
1.760804020100502632e-01
1.758793969849246352e-01
1.752763819095477515e-01
1.742713567839195843e-01
1.734673366834170727e-01
1.733668341708542726e-01
1.733668341708542726e-01
1.729648241206030168e-01
1.729648241206030168e-01
1.727638190954773889e-01
1.727638190954773889e-01
1.727638190954773889e-01
1.725628140703517610e-01
1.724623115577889332e-01
1.719597989949748773e-01
1.710552763819095379e-01
1.707537688442211099e-01
1.707537688442211099e-01
1.700502512562813984e-01
1.698492462311557705e-01
1.688442211055276310e-01
1.688442211055276310e-01
1.686432160804020031e-01
1.685427135678392030e-01
1.685427135678392030e-01
1.685427135678392030e-01
1.676381909547738636e-01
1.676381909547738636e-01
1.668341708542713520e-01
1.666331658291457241e-01
1.666331658291457241e-01
1.666331658291457241e-01
1.666331658291457241e-01
1.663316582914572961e-01
1.661306532663316682e-01
1.661306532663316682e-01
1.661306532663316682e-01
1.661306532663316682e-01
1.659296482412060403e-01
1.654271356783919567e-01
1.653266331658291566e-01
1.641206030150753892e-01
1.638190954773869334e-01
1.638190954773869334e-01
1.638190954773869334e-01
1.638190954773869334e-01
1.628140703517587939e-01
1.626130653266331660e-01
1.626130653266331660e-01
1.622110552763819102e-01
1.620100502512562823e-01
1.619095477386934545e-01
1.609045226130653150e-01
1.594974874371859197e-01
1.593969849246231196e-01
1.570854271356783849e-01
1.570854271356783849e-01
1.569849246231155848e-01
1.568844221105527570e-01
1.568844221105527570e-01
1.563819095477387011e-01
1.556783919597989896e-01
1.556783919597989896e-01
1.554773869346733617e-01
1.554773869346733617e-01
1.554773869346733617e-01
1.553768844221105616e-01
1.552763819095477338e-01
1.530653266331658269e-01
1.530653266331658269e-01
1.530653266331658269e-01
1.522613065326633153e-01
1.514572864321608037e-01
1.511557788944723479e-01
1.511557788944723479e-01
1.511557788944723479e-01
1.510552763819095479e-01
1.509547738693467200e-01
1.509547738693467200e-01
1.506532663316582921e-01
1.506532663316582921e-01
1.492462311557788968e-01
1.492462311557788968e-01
1.490452261306532689e-01
1.490452261306532689e-01
1.486432160804020131e-01
1.484422110552763852e-01
1.484422110552763852e-01
1.484422110552763852e-01
1.484422110552763852e-01
1.483417085427135573e-01
1.478391959798995015e-01
1.473366834170854178e-01
1.473366834170854178e-01
1.471356783919597899e-01
1.471356783919597899e-01
1.471356783919597899e-01
1.462311557788944782e-01
1.448241206030150829e-01
1.443216080402009993e-01
1.443216080402009993e-01
1.440201005025125713e-01
1.430150753768844318e-01
1.430150753768844318e-01
1.430150753768844318e-01
1.427135678391959761e-01
1.422110552763819202e-01
1.419095477386934645e-01
1.414070351758794086e-01
1.404020100502512691e-01
1.403015075376884413e-01
1.401005025125628134e-01
1.401005025125628134e-01
1.396984924623115576e-01
1.384924623115577902e-01
1.384924623115577902e-01
1.382914572864321623e-01
1.382914572864321623e-01
1.380904522613065344e-01
1.371859296482411950e-01
1.371859296482411950e-01
1.371859296482411950e-01
1.367839195979899392e-01
1.363819095477386834e-01
1.360804020100502554e-01
1.360804020100502554e-01
1.360804020100502554e-01
1.349748743718592880e-01
1.348743718592964880e-01
1.344723618090452322e-01
1.340703517587939764e-01
1.334673366834170927e-01
1.321608040201004974e-01
1.321608040201004974e-01
1.318592964824120695e-01
1.316582914572864416e-01
1.312562814070351858e-01
1.303517587939698463e-01
1.298492462311557905e-01
1.294472361809045347e-01
1.287437185929648231e-01
1.285427135678391952e-01
1.281407035175879394e-01
1.279396984924623115e-01
1.273366834170854278e-01
1.268341708542713442e-01
1.261306532663316604e-01
1.253266331658291488e-01
1.252261306532663210e-01
1.248241206030150791e-01
1.241206030150753814e-01
1.239195979899497535e-01
1.233165829145728698e-01
1.231155778894472419e-01
1.222110552763819163e-01
1.217085427135678327e-01
1.209045226130653211e-01
1.198994974874371816e-01
1.195979899497487398e-01
1.191959798994974840e-01
1.185929648241206003e-01
1.177889447236180887e-01
1.169849246231155770e-01
1.167839195979899491e-01
1.163819095477386933e-01
1.156783919597989957e-01
1.154773869346733678e-01
1.149748743718592980e-01
1.148743718592964841e-01
1.137688442211055306e-01
1.127638190954773911e-01
1.127638190954773911e-01
1.126633165829145772e-01
1.126633165829145772e-01
1.117587939698492516e-01
1.110552763819095540e-01
1.108542713567839261e-01
1.100502512562814006e-01
1.082412060301507495e-01
1.069346733668341681e-01
1.067336683417085402e-01
1.065326633165829123e-01
1.060301507537688426e-01
1.053266331658291449e-01
1.049246231155778891e-01
1.041206030150753775e-01
1.040201005025125636e-01
1.036180904522613078e-01
1.024120603015075404e-01
1.021105527638190985e-01
1.020100502512562846e-01
1.011055276381909590e-01
1.008040201005025172e-01
1.004020100502512614e-01
9.949748743718593580e-02
9.899497487437186605e-02
9.849246231155778242e-02
9.849246231155778242e-02
9.809045226130652662e-02
9.778894472361808476e-02
9.738693467336682896e-02
9.728643216080401501e-02
9.638190954773868946e-02
9.597989949748743366e-02
9.497487437185929415e-02
9.417085427135678255e-02
9.386934673366834070e-02
9.256281407035175934e-02
9.216080402010050354e-02
9.075376884422110824e-02
8.944723618090452688e-02
8.914572864321608503e-02
8.864321608040201528e-02
8.804020100502513158e-02
8.773869346733668972e-02
8.753768844221106182e-02
8.653266331658290844e-02
8.613065326633165264e-02
8.592964824120602474e-02
8.442211055276381548e-02
8.391959798994974573e-02
8.381909547738693178e-02
8.180904522613065277e-02
8.130653266331658302e-02
8.080402010050251327e-02
7.979899497487437376e-02
7.839195979899497846e-02
7.798994974874372266e-02
7.788944723618090871e-02
7.778894472361809476e-02
7.728643216080402500e-02
7.708542713567839710e-02
7.658291457286432735e-02
7.567839195979900180e-02
7.417085427135677866e-02
7.356783919597989496e-02
7.336683417085426706e-02
7.195979899497487176e-02
7.115577889447236015e-02
7.055276381909547645e-02
6.974874371859296485e-02
6.854271356783919744e-02
6.773869346733668584e-02
6.643216080402010448e-02
6.512562814070352313e-02
6.462311557788945338e-02
6.361809045226129999e-02
6.341708542713567209e-02
6.231155778894472558e-02
6.140703517587940002e-02
6.110552763819095817e-02
6.110552763819095817e-02
6.040201005025125358e-02
5.939698492462311408e-02
5.758793969849246297e-02
5.638190954773869557e-02
5.567839195979899791e-02
5.547738693467337001e-02
5.447236180904522357e-02
5.396984924623115382e-02
5.326633165829145616e-02
5.105527638190954925e-02
5.015075376884422370e-02
4.984924623115578185e-02
4.904522613065326331e-02
4.763819095477386800e-02
4.733668341708542615e-02
4.572864321608040294e-02
4.552763819095477504e-02
4.351758793969848910e-02
4.170854271356783799e-02
3.969849246231155898e-02
3.768844221105527303e-02
3.587939698492462193e-02
3.376884422110552897e-02
3.195979899497487092e-02
3.045226130653266167e-02
2.653266331658291413e-02
2.321608040201005030e-02
2.050251256281407017e-02
1.618090452261306683e-02
1.376884422110552682e-02
1.336683417085427102e-02
1.175879396984924607e-02
1.035175879396984903e-02
8.844221105527638044e-03
8.140703517587940391e-03
7.738693467336683722e-03
7.537688442211054954e-03
6.633165829145728533e-03
6.633165829145728533e-03
5.427135678391959393e-03
4.723618090452260873e-03
4.623115577889446923e-03
4.623115577889446923e-03
3.517587939698492601e-03
3.517587939698492601e-03
3.316582914572864266e-03
3.316582914572864266e-03
3.015075376884421982e-03
2.914572864321608031e-03
2.814070351758794081e-03
2.814070351758794081e-03
2.814070351758794081e-03
2.814070351758794081e-03
2.814070351758794081e-03
2.814070351758794081e-03
2.512562814070351796e-03
2.412060301507537845e-03
2.412060301507537845e-03
2.412060301507537845e-03
2.412060301507537845e-03
2.412060301507537845e-03
2.211055276381909511e-03
1.909547738693467443e-03
1.909547738693467443e-03
1.708542713567839108e-03
1.608040201005025158e-03
1.608040201005025158e-03
1.407035175879397040e-03
1.407035175879397040e-03
1.306532663316582873e-03
1.306532663316582873e-03
1.306532663316582873e-03
9.045226130653266378e-04
9.045226130653266378e-04
9.045226130653266378e-04
9.045226130653266378e-04
9.045226130653266378e-04
9.045226130653266378e-04
8.040201005025125790e-04
7.035175879396985202e-04
6.030150753768844614e-04
6.030150753768844614e-04
6.030150753768844614e-04
6.030150753768844614e-04
5.025125628140704025e-04
5.025125628140704025e-04
5.025125628140704025e-04
5.025125628140704025e-04
5.025125628140704025e-04
5.025125628140704025e-04
4.020100502512562895e-04
4.020100502512562895e-04
4.020100502512562895e-04
4.020100502512562895e-04
4.020100502512562895e-04
4.020100502512562895e-04
3.015075376884422307e-04
3.015075376884422307e-04
3.015075376884422307e-04
3.015075376884422307e-04
2.010050251256281448e-04
1.005025125628140724e-04
1.005025125628140724e-04
0.000000000000000000e+00
0.000000000000000000e+00
0.000000000000000000e+00
0.000000000000000000e+00
0.000000000000000000e+00
0.000000000000000000e+00
0.000000000000000000e+00
0.000000000000000000e+00
0.000000000000000000e+00
