1.000000000000000000e+00
9.765829145728642802e-01
9.591959798994974529e-01
9.489447236180904577e-01
9.355778894472361884e-01
9.236180904522612867e-01
9.124623115577888965e-01
9.050251256281407475e-01
8.970854271356784038e-01
8.850251256281407297e-01
8.750753768844221625e-01
8.692462311557789256e-01
8.631155778894472608e-01
8.580904522613065355e-01
8.520603015075376430e-01
8.412060301507537918e-01
8.352763819095477826e-01
8.313567839195979969e-01
8.278391959798995225e-01
8.251256281407035598e-01
8.201005025125628345e-01
8.159798994974873931e-01
8.102512562814070396e-01
8.077386934673367325e-01
8.039195979899497191e-01
7.981909547738693655e-01
7.935678391959799516e-01
7.896482412060301659e-01
7.854271356783919522e-01
7.827135678391959894e-01
7.798994974874371433e-01
7.765829145728643246e-01
7.727638190954774222e-01
7.705527638190954320e-01
7.662311557788944461e-01
7.650251256281407342e-01
7.618090452261306877e-01
7.588944723618090693e-01
7.564824120603015345e-01
7.524623115577889765e-01
7.484422110552764185e-01
7.462311557788944283e-01
7.453266331658291444e-01
7.420100502512563256e-01
7.402010050251256468e-01
7.365829145728642890e-01
7.337688442211055539e-01
7.304522613065326242e-01
7.272361809045225778e-01
7.236180904522613311e-01
7.204020100502512847e-01
7.150753768844221314e-01
7.115577889447236570e-01
7.079396984924622993e-01
7.058291457286431925e-01
7.035175879396985410e-01
6.990954773869346717e-01
6.964824120603014812e-01
6.933668341708543181e-01
6.924623115577889232e-01
6.877386934673367369e-01
6.844221105527638072e-01
6.812060301507537607e-01
6.790954773869346539e-01
6.754773869346734072e-01
6.741708542713568120e-01
6.712562814070351935e-01
6.699497487437185983e-01
6.649246231155778730e-01
6.626130653266331105e-01
6.613065326633166263e-01
6.580904522613065799e-01
6.545728643216079945e-01
6.517587939698492594e-01
6.492462311557788412e-01
6.462311557788944505e-01
6.417085427135678088e-01
6.384924623115577624e-01
6.298492462311557905e-01
6.239195979899497813e-01
6.147738693467336146e-01
6.088442211055276054e-01
6.039195979899497635e-01
5.961809045226130754e-01
5.942713567839196243e-01
5.876381909547738758e-01
5.748743718592964624e-01
5.716582914572864160e-01
5.675376884422110857e-01
5.612060301507537652e-01
5.539698492462311608e-01
5.521608040201004819e-01
5.501507537688442584e-01
5.462311557788944727e-01
5.427135678391959983e-01
5.404020100502512358e-01
5.371859296482411894e-01
5.341708542713567986e-01
5.319597989949749195e-01
5.279396984924623615e-01
5.262311557788944549e-01
5.249246231155778597e-01
5.218090452261306966e-01
5.203015075376884457e-01
5.190954773869346228e-01
5.182914572864321112e-01
5.172864321608040550e-01
5.161809045226131154e-01
5.154773869346733761e-01
5.147738693467336368e-01
5.144723618090452089e-01
5.133668341708542693e-01
5.131658291457286136e-01
5.131658291457286136e-01
5.126633165829145300e-01
5.123618090452261020e-01
5.123618090452261020e-01
5.119597989949749017e-01
5.114572864321608181e-01
5.113567839195979348e-01
5.112562814070351624e-01
5.110552763819095068e-01
5.110552763819095068e-01
5.109547738693467345e-01
5.103517587939698785e-01
5.103517587939698785e-01
5.097487437185929116e-01
5.097487437185929116e-01
5.094472361809044836e-01
5.093467336683417113e-01
5.092462311557789389e-01
5.091457286432160556e-01
5.087437185929648553e-01
5.086432160804019720e-01
5.083417085427135440e-01
5.081407035175878883e-01
5.081407035175878883e-01
5.081407035175878883e-01
5.077386934673366881e-01
5.075376884422110324e-01
5.073366834170853767e-01
5.073366834170853767e-01
5.073366834170853767e-01
5.072361809045226044e-01
5.071356783919598321e-01
5.068341708542714041e-01
5.068341708542714041e-01
5.068341708542714041e-01
5.065326633165828651e-01
5.065326633165828651e-01
5.065326633165828651e-01
5.063316582914573205e-01
5.060301507537688925e-01
5.059296482412060092e-01
5.058291457286432369e-01
5.056281407035175812e-01
5.055276381909548089e-01
5.055276381909548089e-01
4.560804020100502343e-01
4.385929648241205792e-01
4.273366834170854167e-01
4.214070351758794075e-01
4.161809045226130821e-01
4.083417085427135662e-01
4.012060301507537896e-01
3.956783919597989807e-01
3.906532663316583109e-01
3.872361809045226089e-01
3.845226130653266461e-01
3.832160804020100509e-01
3.815075376884421998e-01
3.805025125628140881e-01
3.793969849246230930e-01
3.782914572864321534e-01
3.782914572864321534e-01
3.768844221105527859e-01
3.758793969849246186e-01
3.748743718592965068e-01
3.737688442211055118e-01
3.724623115577889720e-01
3.722613065326633164e-01
3.722613065326633164e-01
3.717587939698492328e-01
3.715577889447236326e-01
3.711557788944723768e-01
3.709547738693467211e-01
3.707537688442211210e-01
3.706532663316582932e-01
3.698492462311557816e-01
3.688442211055276143e-01
3.687437185929648420e-01
3.687437185929648420e-01
3.687437185929648420e-01
3.680402010050251027e-01
3.672361809045225911e-01
3.672361809045225911e-01
3.671356783919598188e-01
3.671356783919598188e-01
3.671356783919598188e-01
3.671356783919598188e-01
3.671356783919598188e-01
3.669346733668341631e-01
3.669346733668341631e-01
3.669346733668341631e-01
3.665326633165829073e-01
3.665326633165829073e-01
3.662311557788944794e-01
3.662311557788944794e-01
3.660301507537688237e-01
3.659296482412060514e-01
3.658291457286432236e-01
3.658291457286432236e-01
3.658291457286432236e-01
3.653266331658291399e-01
3.648241206030150563e-01
3.647236180904522840e-01
3.647236180904522840e-01
3.644221105527638005e-01
3.644221105527638005e-01
3.644221105527638005e-01
3.642211055276382003e-01
3.642211055276382003e-01
3.642211055276382003e-01
3.641206030150753725e-01
3.639195979899497724e-01
3.637185929648241167e-01
3.635175879396985166e-01
3.630150753768844329e-01
3.629145728643216051e-01
3.625125628140703493e-01
3.625125628140703493e-01
3.625125628140703493e-01
3.621105527638190935e-01
3.619095477386934934e-01
3.619095477386934934e-01
3.618090452261306655e-01
3.617085427135678377e-01
3.611055276381909818e-01
3.605025125628140703e-01
3.601005025125628145e-01
3.588944723618090471e-01
3.581909547738693633e-01
3.577889447236181075e-01
3.569849246231155959e-01
3.568844221105527681e-01
3.567839195979899403e-01
3.566834170854271124e-01
3.564824120603015123e-01
3.554773869346733450e-01
3.549748743718593169e-01
3.547738693467336613e-01
3.543718592964824055e-01
3.533668341708542937e-01
3.525628140703517821e-01
3.522613065326632986e-01
3.513567839195980147e-01
3.510552763819095312e-01
3.508542713567839311e-01
3.500502512562814195e-01
3.498492462311557638e-01
3.496482412060301637e-01
3.490452261306532522e-01
3.489447236180904799e-01
3.486432160804019964e-01
3.479396984924623126e-01
3.473366834170854012e-01
3.468341708542713731e-01
3.462311557788944616e-01
3.455276381909547778e-01
3.450251256281406942e-01
3.448241206030150940e-01
3.444221105527638382e-01
3.441206030150753548e-01
3.438190954773869268e-01
3.438190954773869268e-01
3.432160804020100708e-01
3.430150753768844152e-01
3.429145728643215874e-01
3.427135678391959872e-01
3.424120603015075592e-01
3.412060301507537918e-01
3.411055276381909640e-01
3.401005025125627967e-01
3.400000000000000244e-01
3.398994974874371966e-01
3.392964824120602851e-01
3.392964824120602851e-01
3.384924623115577735e-01
3.375879396984924896e-01
3.367839195979899225e-01
3.362814070351758944e-01
3.356783919597989829e-01
3.344723618090452155e-01
3.340703517587939597e-01
3.329648241206030201e-01
3.327638190954773645e-01
3.317587939698492527e-01
3.301507537688442295e-01
3.301507537688442295e-01
3.291457286432160623e-01
3.283417085427135507e-01
3.280402010050251227e-01
3.268341708542713553e-01
3.260301507537688437e-01
3.245226130653266483e-01
3.245226130653266483e-01
3.231155778894472252e-01
3.221105527638191135e-01
3.218090452261306300e-01
3.203015075376884346e-01
3.190954773869346672e-01
3.176884422110552997e-01
3.170854271356783882e-01
3.163819095477387044e-01
3.163819095477387044e-01
3.157788944723617930e-01
3.145728643216080256e-01
3.143718592964824254e-01
3.118592964824120628e-01
3.116582914572864071e-01
3.114572864321608070e-01
3.076381909547738491e-01
3.076381909547738491e-01
3.061306532663316538e-01
3.054271356783919700e-01
3.042211055276382026e-01
3.039195979899497746e-01
3.029145728643216073e-01
3.007035175879396727e-01
3.001005025125628167e-01
2.996984924623115609e-01
2.996984924623115609e-01
2.977889447236181097e-01
2.965829145728643423e-01
2.964824120603015145e-01
2.955778894472361751e-01
2.927638190954773845e-01
2.926633165829145566e-01
2.926633165829145566e-01
2.926633165829145566e-01
2.919597989949748729e-01
2.902512562814070218e-01
2.900502512562814217e-01
2.900502512562814217e-01
2.888442211055276543e-01
2.877386934673366592e-01
2.867336683417085474e-01
2.863316582914572916e-01
2.862311557788944638e-01
2.860301507537688637e-01
2.850251256281406964e-01
2.840201005025125847e-01
2.834170854271356732e-01
2.834170854271356732e-01
2.825125628140703338e-01
2.815075376884422220e-01
2.812060301507537941e-01
2.794974874371859430e-01
2.793969849246231152e-01
2.793969849246231152e-01
2.792964824120602874e-01
2.768844221105527525e-01
2.756783919597989851e-01
2.756783919597989851e-01
2.729648241206030224e-01
2.724623115577889387e-01
2.722613065326633386e-01
2.715577889447235993e-01
2.714572864321608270e-01
2.697487437185929759e-01
2.684422110552763807e-01
2.681407035175879527e-01
2.677386934673366969e-01
2.668341708542713575e-01
2.666331658291457019e-01
2.660301507537688459e-01
2.660301507537688459e-01
2.651256281407035065e-01
2.650251256281406786e-01
2.644221105527638227e-01
2.620100502512562879e-01
2.616080402010050321e-01
2.608040201005025205e-01
2.604020100502512647e-01
2.590954773869346695e-01
2.589949748743718416e-01
2.587939698492462415e-01
2.586934673366834136e-01
2.571859296482412183e-01
2.568844221105527903e-01
2.566834170854271346e-01
2.558793969849246230e-01
2.558793969849246230e-01
2.543718592964824277e-01
2.540703517587939442e-01
2.532663316582914326e-01
2.525628140703517488e-01
2.524623115577889210e-01
2.521608040201004930e-01
2.521608040201004930e-01
2.515577889447236370e-01
2.511557788944723812e-01
2.499497487437185861e-01
2.492462311557789023e-01
2.492462311557789023e-01
2.489447236180904466e-01
2.481407035175879350e-01
2.481407035175879350e-01
2.480402010050251349e-01
2.480402010050251349e-01
2.479396984924623071e-01
2.479396984924623071e-01
2.457286432160804002e-01
2.456281407035176001e-01
2.456281407035176001e-01
2.446231155778894606e-01
2.443216080402010049e-01
2.430150753768844096e-01
2.430150753768844096e-01
2.430150753768844096e-01
2.429145728643216096e-01
2.423115577889447259e-01
2.422110552763818980e-01
2.414070351758793864e-01
2.414070351758793864e-01
2.398994974874371910e-01
2.397989949748743632e-01
2.393969849246231074e-01
2.387939698492462237e-01
2.387939698492462237e-01
2.384924623115577957e-01
2.384924623115577957e-01
2.383919597989949679e-01
2.382914572864321678e-01
2.371859296482412005e-01
2.371859296482412005e-01
2.367839195979899447e-01
2.363819095477386889e-01
2.362814070351758888e-01
2.362814070351758888e-01
2.356783919597990051e-01
2.355778894472361773e-01
2.353768844221105494e-01
2.352763819095477493e-01
2.352763819095477493e-01
2.347738693467336657e-01
2.346733668341708656e-01
2.340703517587939819e-01
2.339698492462311541e-01
2.338693467336683540e-01
2.338693467336683540e-01
2.327638190954773867e-01
2.326633165829145866e-01
2.326633165829145866e-01
2.325628140703517588e-01
2.305527638190954798e-01
2.301507537688442240e-01
2.301507537688442240e-01
2.301507537688442240e-01
2.301507537688442240e-01
2.299497487437185961e-01
2.299497487437185961e-01
2.299497487437185961e-01
2.294472361809045124e-01
2.289447236180904566e-01
2.289447236180904566e-01
2.289447236180904566e-01
2.288442211055276287e-01
2.278391959798994892e-01
2.278391959798994892e-01
2.278391959798994892e-01
2.273366834170854334e-01
2.263316582914572939e-01
2.262311557788944660e-01
2.262311557788944660e-01
2.262311557788944660e-01
2.261306532663316660e-01
2.260301507537688381e-01
2.260301507537688381e-01
2.259296482412060381e-01
2.259296482412060381e-01
2.258291457286432102e-01
2.245226130653266428e-01
2.244221105527638149e-01
2.244221105527638149e-01
2.240201005025125591e-01
2.236180904522613033e-01
2.236180904522613033e-01
2.235175879396985033e-01
2.235175879396985033e-01
2.233165829145728754e-01
2.230150753768844196e-01
2.228140703517587917e-01
2.227135678391959916e-01
2.225125628140703637e-01
2.220100502512562801e-01
2.217085427135678521e-01
2.214070351758793964e-01
2.212060301507537685e-01
2.210050251256281406e-01
2.208040201005025127e-01
2.202010050251256290e-01
2.198994974874371733e-01
2.198994974874371733e-01
2.196984924623115454e-01
2.195979899497487453e-01
2.193969849246231174e-01
2.187939698492462337e-01
2.179899497487437221e-01
2.179899497487437221e-01
2.163819095477386989e-01
2.163819095477386989e-01
2.158793969849246153e-01
2.156783919597989874e-01
2.156783919597989874e-01
2.151758793969849315e-01
2.140703517587939642e-01
2.138693467336683363e-01
2.134673366834170805e-01
2.134673366834170805e-01
2.130653266331658247e-01
2.130653266331658247e-01
2.126633165829145689e-01
2.118592964824120572e-01
2.115577889447236293e-01
2.110552763819095456e-01
2.110552763819095456e-01
2.109547738693467456e-01
2.109547738693467456e-01
2.099497487437186061e-01
2.098492462311557782e-01
2.098492462311557782e-01
2.094472361809045224e-01
2.093467336683417224e-01
2.092462311557788945e-01
2.090452261306532666e-01
2.085427135678391830e-01
2.083417085427135551e-01
2.076381909547738713e-01
2.076381909547738713e-01
2.075376884422110435e-01
2.071356783919597877e-01
2.071356783919597877e-01
2.071356783919597877e-01
2.056281407035175923e-01
2.054271356783919644e-01
2.054271356783919644e-01
2.052261306532663365e-01
2.047236180904522529e-01
2.047236180904522529e-01
2.047236180904522529e-01
2.027135678391959739e-01
2.009045226130653228e-01
2.008040201005025227e-01
2.008040201005025227e-01
2.007035175879396949e-01
1.993969849246231274e-01
1.993969849246231274e-01
1.985929648241206158e-01
1.979899497487437321e-01
1.971859296482411927e-01
1.967839195979899369e-01
1.966834170854271369e-01
1.965829145728643090e-01
1.965829145728643090e-01
1.965829145728643090e-01
1.960804020100502532e-01
1.958793969849246253e-01
1.955778894472361695e-01
1.955778894472361695e-01
1.955778894472361695e-01
1.953768844221105416e-01
1.950753768844221137e-01
1.946733668341708579e-01
1.946733668341708579e-01
1.935678391959798905e-01
1.935678391959798905e-01
1.928643216080402067e-01
1.926633165829145788e-01
1.926633165829145788e-01
1.922613065326633230e-01
1.913567839195979836e-01
1.913567839195979836e-01
1.913567839195979836e-01
1.881407035175879372e-01
1.881407035175879372e-01
1.872361809045226255e-01
1.872361809045226255e-01
1.871356783919597977e-01
1.868341708542713697e-01
1.867336683417085419e-01
1.862311557788944860e-01
1.861306532663316582e-01
1.853266331658291466e-01
1.852261306532663188e-01
1.850251256281406909e-01
1.845226130653266350e-01
1.841206030150753792e-01
1.833165829145728676e-01
1.832160804020100398e-01
1.825125628140703560e-01
1.823115577889447281e-01
1.823115577889447281e-01
1.815075376884422165e-01
1.815075376884422165e-01
1.815075376884422165e-01
1.805025125628140770e-01
1.805025125628140770e-01
1.805025125628140770e-01
1.801005025125628212e-01
1.799999999999999933e-01
1.796984924623115654e-01
1.796984924623115654e-01
1.794974874371859375e-01
1.790954773869346817e-01
1.790954773869346817e-01
1.790954773869346817e-01
1.785929648241205980e-01
1.785929648241205980e-01
1.782914572864321701e-01
1.782914572864321701e-01
1.781909547738693422e-01
1.772864321608040306e-01
1.772864321608040306e-01
1.768844221105527748e-01
1.765829145728643190e-01
1.765829145728643190e-01
1.765829145728643190e-01
1.765829145728643190e-01
1.760804020100502632e-01
1.760804020100502632e-01
1.760804020100502632e-01
1.760804020100502632e-01
1.759798994974874353e-01
1.744723618090452399e-01
1.734673366834170727e-01
1.734673366834170727e-01
1.733668341708542726e-01
1.733668341708542726e-01
1.730653266331658169e-01
1.727638190954773889e-01
1.727638190954773889e-01
1.727638190954773889e-01
1.727638190954773889e-01
1.727638190954773889e-01
1.727638190954773889e-01
1.720603015075376774e-01
1.716582914572864216e-01
1.710552763819095379e-01
1.709547738693467378e-01
1.705527638190954820e-01
1.698492462311557705e-01
1.696482412060301426e-01
1.687437185929648309e-01
1.686432160804020031e-01
1.686432160804020031e-01
1.685427135678392030e-01
1.685427135678392030e-01
1.685427135678392030e-01
1.685427135678392030e-01
1.677386934673366914e-01
1.674371859296482357e-01
1.669346733668341798e-01
1.666331658291457241e-01
1.666331658291457241e-01
1.665326633165829240e-01
1.664321608040200962e-01
1.661306532663316682e-01
1.661306532663316682e-01
1.661306532663316682e-01
1.661306532663316682e-01
1.661306532663316682e-01
1.654271356783919567e-01
1.654271356783919567e-01
1.642211055276381892e-01
1.642211055276381892e-01
1.638190954773869334e-01
1.638190954773869334e-01
1.637185929648241334e-01
1.628140703517587939e-01
1.626130653266331660e-01
1.622110552763819102e-01
1.620100502512562823e-01
1.620100502512562823e-01
1.619095477386934545e-01
1.619095477386934545e-01
1.619095477386934545e-01
1.594974874371859197e-01
1.593969849246231196e-01
1.578894472361808965e-01
1.569849246231155848e-01
1.568844221105527570e-01
1.568844221105527570e-01
1.566834170854271291e-01
1.563819095477387011e-01
1.556783919597989896e-01
1.556783919597989896e-01
1.554773869346733617e-01
1.554773869346733617e-01
1.553768844221105616e-01
1.546733668341708501e-01
1.536683417085427106e-01
1.532663316582914548e-01
1.532663316582914548e-01
1.523618090452261431e-01
1.523618090452261431e-01
1.523618090452261431e-01
1.522613065326633153e-01
1.511557788944723479e-01
1.510552763819095479e-01
1.510552763819095479e-01
1.510552763819095479e-01
1.507537688442210921e-01
1.506532663316582921e-01
1.506532663316582921e-01
1.504522613065326642e-01
1.492462311557788968e-01
1.491457286432160689e-01
1.490452261306532689e-01
1.488442211055276410e-01
1.484422110552763852e-01
1.484422110552763852e-01
1.484422110552763852e-01
1.484422110552763852e-01
1.483417085427135573e-01
1.481407035175879294e-01
1.476381909547738736e-01
1.473366834170854178e-01
1.473366834170854178e-01
1.471356783919597899e-01
1.471356783919597899e-01
1.463316582914572783e-01
1.454271356783919666e-01
1.447236180904522551e-01
1.443216080402009993e-01
1.442211055276381992e-01
1.434170854271356876e-01
1.434170854271356876e-01
1.430150753768844318e-01
1.430150753768844318e-01
1.430150753768844318e-01
1.426130653266331760e-01
1.422110552763819202e-01
1.413065326633165808e-01
1.408040201005025249e-01
1.407035175879396971e-01
1.401005025125628134e-01
1.401005025125628134e-01
1.396984924623115576e-01
1.384924623115577902e-01
1.382914572864321623e-01
1.382914572864321623e-01
1.381909547738693345e-01
1.379899497487437066e-01
1.372864321608040228e-01
1.372864321608040228e-01
1.369849246231155671e-01
1.364824120603015112e-01
1.360804020100502554e-01
1.360804020100502554e-01
1.360804020100502554e-01
1.360804020100502554e-01
1.350753768844221159e-01
1.348743718592964880e-01
1.347738693467336601e-01
1.342713567839196043e-01
1.336683417085427206e-01
1.318592964824120695e-01
1.317587939698492416e-01
1.314572864321608137e-01
1.309547738693467300e-01
1.299497487437185905e-01
1.299497487437185905e-01
1.286432160804020230e-01
1.283417085427135673e-01
1.279396984924623115e-01
1.277386934673366836e-01
1.276381909547738558e-01
1.274371859296482279e-01
1.270351758793969721e-01
1.260301507537688326e-01
1.256281407035175768e-01
1.253266331658291488e-01
1.246231155778894512e-01
1.239195979899497535e-01
1.234170854271356838e-01
1.232160804020100558e-01
1.227135678391959861e-01
1.226130653266331721e-01
1.214070351758793909e-01
1.206030150753768793e-01
1.202010050251256235e-01
1.190954773869346700e-01
1.182914572864321584e-01
1.180904522613065305e-01
1.179899497487437166e-01
1.175879396984924607e-01
1.163819095477386933e-01
1.158793969849246236e-01
1.158793969849246236e-01
1.157788944723618096e-01
1.157788944723618096e-01
1.146733668341708562e-01
1.139698492462311585e-01
1.126633165829145772e-01
1.124623115577889493e-01
1.123618090452261353e-01
1.119597989949748795e-01
1.118592964824120656e-01
1.113567839195979958e-01
1.103517587939698424e-01
1.099497487437185866e-01
1.096482412060301448e-01
1.094472361809045169e-01
1.077386934673366797e-01
1.060301507537688426e-01
1.060301507537688426e-01
1.055276381909547728e-01
1.052261306532663310e-01
1.041206030150753775e-01
1.040201005025125636e-01
1.032160804020100520e-01
1.031155778894472380e-01
1.020100502512562846e-01
1.015075376884422148e-01
1.014070351758794009e-01
1.009045226130653311e-01
1.002010050251256335e-01
9.989949748743719160e-02
9.989949748743719160e-02
9.919597989949749395e-02
9.869346733668341032e-02
9.839195979899496847e-02
9.788944723618089871e-02
9.788944723618089871e-02
9.788944723618089871e-02
9.728643216080401501e-02
9.648241206030150341e-02
9.577889447236180576e-02
9.457286432160803835e-02
9.396984924623115465e-02
9.336683417085427095e-02
9.246231155778894539e-02
9.195979899497487564e-02
9.155778894472361984e-02
9.105527638190955009e-02
8.954773869346734083e-02
8.844221105527638738e-02
8.834170854271357343e-02
8.743718592964824787e-02
8.703517587939697819e-02
8.663316582914572239e-02
8.552763819095476894e-02
8.482412060301507128e-02
8.422110552763818758e-02
8.311557788944723413e-02
8.291457286432160623e-02
8.221105527638190857e-02
8.150753768844221092e-02
8.110552763819095512e-02
8.070351758793969932e-02
8.030150753768844352e-02
7.839195979899497846e-02
7.798994974874372266e-02
7.738693467336683895e-02
7.678391959798995525e-02
7.608040201005025760e-02
7.577889447236181575e-02
7.537688442211054607e-02
7.537688442211054607e-02
7.407035175879396471e-02
7.236180904522612756e-02
7.226130653266331361e-02
7.145728643216080200e-02
7.055276381909547645e-02
6.964824120603015090e-02
6.904522613065326719e-02
6.844221105527638349e-02
6.713567839195980214e-02
6.552763819095477893e-02
6.422110552763819757e-02
6.402010050251256967e-02
6.331658291457285814e-02
6.221105527638191163e-02
6.130653266331658607e-02
6.070351758793969543e-02
6.020100502512562568e-02
5.889447236180904433e-02
5.809045226130653272e-02
5.758793969849246297e-02
5.668341708542713742e-02
5.577889447236181186e-02
5.527638190954774211e-02
5.497487437185929332e-02
5.376884422110552592e-02
5.236180904522613061e-02
5.135678391959799111e-02
4.984924623115578185e-02
4.944723618090452605e-02
4.914572864321607726e-02
4.773869346733668195e-02
4.733668341708542615e-02
4.693467336683417035e-02
4.522613065326633319e-02
4.381909547738693789e-02
4.231155778894472169e-02
4.090452261306532639e-02
3.889447236180904738e-02
3.748743718592964513e-02
3.527638190954773822e-02
3.226130653266331971e-02
3.025125628140703377e-02
2.874371859296482451e-02
2.432160804020100375e-02
2.170854271356783757e-02
1.738693467336683424e-02
1.417085427135678435e-02
1.296482412060301521e-02
1.266331658291457336e-02
1.155778894472361817e-02
8.643216080402010143e-03
8.341708542713568292e-03
7.939698492462310755e-03
7.537688442211054954e-03
6.934673366834171251e-03
6.834170854271356434e-03
6.733668341708542483e-03
5.829145728643216062e-03
4.623115577889446923e-03
4.623115577889446923e-03
4.422110552763819022e-03
3.819095477386934886e-03
3.316582914572864266e-03
3.316582914572864266e-03
3.216080402010050316e-03
3.115577889447236366e-03
2.914572864321608031e-03
2.814070351758794081e-03
2.814070351758794081e-03
2.814070351758794081e-03
2.814070351758794081e-03
2.814070351758794081e-03
2.512562814070351796e-03
2.412060301507537845e-03
2.412060301507537845e-03
2.412060301507537845e-03
2.412060301507537845e-03
2.412060301507537845e-03
2.211055276381909511e-03
2.211055276381909511e-03
1.909547738693467443e-03
1.708542713567839108e-03
1.608040201005025158e-03
1.608040201005025158e-03
1.608040201005025158e-03
1.306532663316582873e-03
1.306532663316582873e-03
1.306532663316582873e-03
1.306532663316582873e-03
1.306532663316582873e-03
1.206030150753768923e-03
1.206030150753768923e-03
9.045226130653266378e-04
9.045226130653266378e-04
9.045226130653266378e-04
6.030150753768844614e-04
6.030150753768844614e-04
6.030150753768844614e-04
6.030150753768844614e-04
6.030150753768844614e-04
6.030150753768844614e-04
5.025125628140704025e-04
5.025125628140704025e-04
5.025125628140704025e-04
5.025125628140704025e-04
4.020100502512562895e-04
4.020100502512562895e-04
4.020100502512562895e-04
4.020100502512562895e-04
4.020100502512562895e-04
4.020100502512562895e-04
4.020100502512562895e-04
3.015075376884422307e-04
3.015075376884422307e-04
3.015075376884422307e-04
3.015075376884422307e-04
2.010050251256281448e-04
2.010050251256281448e-04
2.010050251256281448e-04
1.005025125628140724e-04
0.000000000000000000e+00
0.000000000000000000e+00
0.000000000000000000e+00
0.000000000000000000e+00
0.000000000000000000e+00
0.000000000000000000e+00
0.000000000000000000e+00
0.000000000000000000e+00
0.000000000000000000e+00
0.000000000000000000e+00
