5.236807273982834604e-02
6.048224664786738120e-02
4.908787477700429086e-02
7.682568912930880234e-02
8.862289232894091789e-03
5.524543937388413928e-02
9.955688553835495558e-02
8.666628301778246668e-02
2.624158370259549108e-02
2.549346837774042751e-02
5.340392472808906665e-02
9.690970823502370601e-02
1.576796915462974624e-02
1.789722046383157572e-02
7.084076653047159666e-02
7.970305576336568498e-02
5.702940668699992000e-02
6.042469931518698947e-03
2.158024975542392060e-02
3.999539621338567275e-02
